-0.01	-0.2	-0.32	0.04	-0.17	-0.03	-0.17	-0.04	0.21	0.11	0.08	0.31	0.31	-0.07	0.37	0.12	0.01	0.18	-0.69	0.16	0.43	0.61	0.53	0.71	0.33	0.67	0.39	0.58	0.32	0.39	0.04	0.12	-0.32	0.1	0.12	0.37	-0.23	0.29	0.23	0.31	0.32	0.01	0.21	1.04	-0.22	-0.23	-0.2	-0.25	-0.4	-0.36	-0.4	-0.23	0.11	-0.1	0.04	-0.23	-0.47	-0.89	-0.34	-1.47	-2.32	-1.32	-0.81	-0.92	0.44	-0.03	-0.23	-1.15	-0.81	-0.74	-1.69	-2.56	0.01	-0.06	-0.04	-0.12	0.06	0.37	-0.17	
0.25	-0.47	0.08	0.04	0.31	0.52	0.2	0.28	0.3	0.36	0.43	0.34	0.34	-0.49	0.54	0.15	0.5	0.48	-0.47	-0.81	-0.54	0	-0.1	-0.4	-0.34	-0.15	0.07	-0.07	-0.29	0.04	-0.06	-0.47	-0.22	0.08	0.36	0.24	0.5	0.55	0.72	0.77	0.71	0.32	0.51	0.5	0.4	0.62	1.14	0.01	0	0	0	-0.89	-0.49	1.66	0	0.58	-0.94	-1.6	-0.22	-0.47	-2.18	-2.06	-1.51	-1.64	-0.17	0.68	-0.23	-0.84	-0.14	-1	-0.58	-1.89	0.19	0.28	0.58	0.3	0.3	-0.62	-1.4	
0.12	-0.23	0.29	-0.17	0.12	-0.2	0.01	0.59	0	0.19	-0.06	0.41	0.06	-0.17	0.39	0.26	0.6	0.52	-0.6	-0.09	0.29	0.45	0.73	0.5	0.39	0.52	0.29	0.28	-0.03	-0.01	-0.07	-0.29	-0.49	-0.23	0.08	0.16	0.32	0.21	0.19	0.15	-0.03	-0.25	0.03	0.24	-0.14	-0.29	-0.06	-0.18	0	-0.2	-0.27	-0.4	0.14	0.15	0.24	0.29	0.08	0.11	-0.06	-1	-1.94	-1.74	-0.92	-0.38	0.29	-0.84	-0.74	-1.22	0.42	0.03	-1.94	-1.29	0.11	0.2	0.08	-0.42	-1	-1.51	-2.47	
-0.23	0.11	-0.27	0.12	-0.32	0.18	-0.36	0.2	0.3	0.53	0.42	-0.1	0.19	-0.06	0.39	0.36	0.36	0.28	-0.6	0.36	-0.03	0.39	0.74	0.76	0.75	0.55	0.37	0.49	0.64	0.04	-0.09	-0.03	-0.27	0.24	-0.01	0.1	-0.09	0.03	0.16	0.38	0.2	-0.2	-0.06	0.85	-0.38	0.18	-0.25	0.01	-0.22	-0.42	-0.62	0.3	-0.36	0.07	0.7	0.65	-0.07	-0.23	-0.2	-1.51	-2.47	-1.79	-1.12	-1.4	0.52	0.39	-0.34	-1.12	-0.34	-0.29	-1.15	-1.56	0.44	0.1	0.11	-0.36	-0.09	-1.32	-2	
0.04	-0.14	-0.23	0.07	-0.1	0.14	0.04	0.29	0.33	0.23	0.42	0.19	0.16	0.1	0.37	0.4	0.15	0.37	-0.54	0.15	-0.36	0.66	1.01	0.94	1	0.93	0.69	0.63	0.49	0.37	0.01	0.42	-0.18	-0.04	0.18	0.21	0.37	0.2	0.28	0.26	0.32	-0.07	0.07	0.67	0.06	-0.09	0.04	-0.06	-0.74	-0.49	-0.47	-0.1	-0.27	0.3	0.37	0.77	-0.03	-0.27	-0.25	-1.47	-2.64	-1.79	-1.09	-0.76	0.41	-0.09	-0.4	-1.06	-0.27	-0.45	-0.92	-1.79	0.34	0.23	0.19	-0.18	-0.51	-1.56	-2.47	
-0.15	-0.69	-0.62	-0.6	-0.3	-0.71	-0.09	0.28	-0.15	-0.06	-0.29	0.21	-0.17	-0.2	0.03	0.38	0.01	0.1	-0.89	-0.06	0.06	0.37	0.71	0.41	0.16	0.8	0.46	0.38	0.1	0.14	0.12	0.07	-0.34	-0.12	0.06	0.07	0.08	0.08	0.01	0.08	0.36	-0.03	0.14	0.96	0.01	-0.17	0.1	-0.07	-0.36	-0.42	-0.76	-0.12	-0.22	0	-0.25	0.19	-0.38	-0.04	-0.67	-2.32	-2.4	-1.79	-1.22	-0.71	0.52	0.08	-0.71	-1.4	-0.84	-0.58	-1.74	-2.32	-0.03	-0.3	0.03	-0.27	-0.56	-2	-2.64	
-0.17	-0.42	-0.51	-0.36	-0.38	-0.69	-0.07	0.11	-0.23	-0.45	-0.2	0.31	-0.15	-0.25	-0.03	0.16	0.12	0.24	-1	0.16	-0.34	0.24	0.26	0.24	0.11	0.6	0.37	0.39	0.07	0.14	-0.03	0.21	-0.38	-0.15	0.08	0.25	0.2	0.21	0.21	0.31	0.23	0.15	0.18	1.01	0.03	-0.07	0.11	-0.43	-0.42	-0.43	-0.71	-0.1	-0.27	0.14	0.06	0.23	-0.09	-0.12	-0.29	-1.64	-2.64	-1.89	-1.18	-1.06	0.39	0.04	-0.67	-1.32	-0.67	-0.38	-2	-2.18	0.07	-0.25	0.06	-0.25	-0.56	-1.74	-2.64	
-0.23	-0.49	-0.76	-0.56	-0.34	-0.69	-0.18	0.19	-0.12	0.16	-0.25	0.36	0.06	-0.04	-0.09	0.5	-0.07	0.12	-1.43	-0.54	-0.18	0.07	0.42	0.24	0.54	0.41	0.51	0.44	-0.22	0.21	-0.03	0.31	-0.45	-0.2	0.15	0.18	0.23	0.23	0.16	0.24	0.08	0	0.23	0.69	-0.22	-0.29	-0.15	-0.14	-0.1	-0.29	-0.86	-0.07	-0.43	0.25	-0.09	0.34	0	-0.38	-0.18	-1.25	-2.18	-1.22	-0.76	-1.51	0.39	-0.3	-0.47	-1.36	-0.12	-0.42	-0.6	-2.12	0.12	0.2	0.53	-0.09	-0.3	-1.22	-1.56	
-0.29	-0.09	-0.51	-0.17	-0.36	-0.01	-0.4	-0.34	0.03	0.34	0.08	-0.23	0.18	-0.04	0.11	-0.03	-0.25	0.06	-1.36	0	-0.58	0.56	0.29	0.54	0.37	0.87	0.52	0.57	0.15	0.28	0.28	0.08	-0.09	0.03	0.18	-0.01	-0.43	-0.1	0.31	0.31	0	-0.47	-0.23	-0.3	-0.64	-0.17	-0.18	-0.14	-0.3	-0.51	-0.69	0.41	-0.45	0.32	0.07	0.6	0.3	-0.34	-0.06	-1.18	-1.94	-1.06	-0.79	-0.81	0.34	-0.17	-0.67	-1.12	-0.1	-0.42	-0.47	-1.51	0.21	-0.1	0.21	0.11	-0.2	-1.47	-1.94	
0.29	-0.15	-0.14	0.12	0.04	0.08	0.15	-0.06	0.14	-0.22	0.18	-0.34	0.26	-0.36	0.39	-0.18	0.38	-0.22	-0.76	-0.23	0.32	0.16	0.33	0.24	0.18	0.26	0.18	0.46	0.25	0.08	-0.2	-0.14	-0.17	-0.07	0.15	0.46	0.66	0.62	0.53	0.62	0.21	0.14	0.33	-0.58	0.01	-0.15	0.45	-0.17	-0.84	-0.71	-0.79	0	-0.47	-0.4	-0.17	-0.07	-1.69	-1.6	0.07	-0.76	-1.89	-1.4	-0.81	-0.18	0.42	0.01	-0.43	-0.84	0.44	-0.43	-1.29	-1.64	0.14	-0.03	0.58	0.11	-0.1	-1.12	-1.64	
0.58	0.2	0.2	0.23	0.19	0.1	0.34	0.37	0.52	0.33	0.45	0.24	0.43	0.26	0.71	0.49	0.61	0.32	-0.23	0.1	0.44	1.33	1.18	0.75	0.94	0.81	0.69	0.49	0.48	0.33	0.14	0.23	-0.45	-0.06	0.32	0.3	0.5	0.43	0.33	0.33	0.36	0.1	0.3	0.37	0.12	0.2	0.16	0.11	-1.89	-2.47	-2.56	-1.64	-0.86	0.64	-0.1	1.26	-3.47	-4.32	-0.12	-1.4	-2.64	-2	-1.12	-1.03	0.49	0.12	-0.49	-0.92	0.21	0.04	0.01	-1.09	-0.25	-0.06	-0.15	-0.25	-0.3	-1.32	0.01	
-0.29	-0.49	-0.42	-0.38	-0.22	-0.47	-0.32	-0.36	-0.18	-0.38	-0.23	-0.4	-0.07	-0.25	0.07	0.04	-0.25	-0.51	-0.81	-0.3	0.08	0.23	0.03	0.25	0.15	0.2	0.25	0.14	-0.12	-0.14	-0.22	-0.34	-0.25	-0.4	-0.14	0.48	0.48	0.24	0.08	0.12	-0.18	-0.15	0.21	-0.38	-0.47	-0.56	-0.4	-0.15	-0.86	-0.84	-1.29	-0.92	-0.42	-0.15	-0.23	0.7	-2.18	-2.32	-0.15	-0.76	-0.94	-0.86	-0.25	-0.51	0.01	-0.6	-0.89	-1.36	-0.18	-0.27	-0.94	-0.84	0.14	-0.07	0.34	-0.3	-0.25	-0.92	-1.84	
-0.06	0	-0.29	0.06	-0.27	0.12	-0.2	0.07	0.08	0.29	0.12	-0.22	0.06	-0.03	0.3	0.03	0.19	0.08	-1.43	0.04	0.52	0.15	0.87	0.77	0.45	0.42	0.12	0.37	0.52	-0.03	-0.51	-0.07	-0.54	-0.36	-0.1	0.16	0.3	0.36	-0.36	0.37	0.01	-0.14	0.2	0.36	-0.43	-0.51	-0.4	0.03	-1.79	-1.09	-1.79	-0.92	-0.34	-0.1	-0.04	0.9	-2.47	-0.49	-0.1	-1.47	-2.4	-1.6	-1.03	-0.76	0.63	-0.17	-0.43	-1.43	-0.32	-0.09	-1.43	-1.89	0.11	-0.18	0.33	0.1	-0.09	-1.47	-2.32	
0.19	0.24	-0.06	0.19	0.03	0.12	0.08	0.01	0.23	0.3	0.2	0.01	0.26	-0.22	0.41	0.1	0.28	0.07	-1.22	0.15	-0.25	0.53	0.68	0.51	0.38	0.53	0.3	0.48	0.51	0.23	-0.14	0.28	-0.51	-0.45	-0.15	0.06	0.24	0.23	-0.14	0.15	-0.03	-0.38	0.03	0.07	-0.36	-0.51	-0.2	0.04	-0.56	-0.25	-0.22	-0.25	0.08	-0.09	0	0.26	-2.12	-1.6	-0.15	-0.81	-1.89	-1.32	-0.79	-0.64	0.56	-0.15	-0.32	-1.22	-0.62	-0.64	-1.47	-2.06	0.14	-0.04	0.58	0.25	-0.23	-1.29	-2	
-0.06	-0.04	-0.49	-0.18	-0.42	-0.1	-0.17	-0.12	0.01	-0.17	0.04	-0.03	0.07	-0.67	0.33	0.14	0.14	0.07	0.03	0.36	-0.38	0.87	0.79	0.9	1.13	0.78	0.45	0.41	0.41	0.45	0.28	0.34	-0.27	-0.18	0.14	-0.06	0.18	0.39	-0.03	0.26	0.33	-0.51	-0.07	0.3	-0.06	-0.25	0.14	0.18	-0.69	-0.27	0	-0.32	0	-0.1	0.18	0	-1.09	-1.12	-0.27	-1.03	-2.4	-1.89	-1.47	-1.43	0.15	0.15	-0.27	-0.86	-0.6	-0.6	-1.15	-2.06	0.34	-0.04	0.34	0.31	-0.1	-1.36	-2.47	
0.39	-0.04	-0.25	0.12	-0.29	0.08	0.01	0.12	0.38	0.06	0.26	0.01	0.15	0.01	0.52	0.43	0.25	0.26	-0.12	0.39	0.9	1.08	0.96	0.96	1.08	0.85	0.67	0.48	0.51	0.49	0.24	0.29	-0.29	0.12	0.46	0.46	0.62	0.55	0.33	0.39	0.36	0.01	0.26	0.42	0.28	0.14	0.32	0.15	-0.84	-0.6	-0.86	-0.49	-0.23	-0.29	-0.03	0.74	-1.69	-1.89	-0.1	-1.12	-2.18	-2.06	-1.32	-0.86	0.24	0.14	-0.38	-0.97	0.03	-0.29	-0.43	-1.79	0.44	0.21	0.46	0.36	0.1	-1.29	-2.18	
-0.42	-0.38	-0.4	-0.27	-0.56	-0.22	-0.67	-0.43	0.08	0.14	-0.1	-0.32	-0.12	-0.29	0.03	0.04	-0.01	-0.17	-0.34	0.28	-0.3	0.34	0.25	0.34	0.38	0.64	0.34	0.39	0.07	-0.06	0.26	0.18	-0.01	0.25	0.14	0.25	0.04	-0.07	0.07	0.33	1.18	-0.43	0.21	0.79	-0.49	-0.4	-0.17	0.16	-1.03	-1.06	-1.18	-0.58	-0.23	-0.01	0.15	0.79	-1.94	-1.74	-0.18	-1.6	-1.69	-1.29	-0.94	-1.22	0.15	-0.1	-0.56	-0.94	-0.97	-0.38	-1.18	-2.32	0.19	0.06	0.37	-0.25	-0.27	-1.22	-1.84	
-0.06	-0.09	-0.17	0.01	-0.34	-0.04	-0.38	0.31	0.57	0.07	0.4	-0.12	0.12	0.06	0.42	0.51	0.2	0.06	-0.58	0.11	0.58	0.69	0.77	0.82	0.7	0.49	0.28	0.63	0.38	0.23	-0.09	0.08	-0.43	-0.07	0.15	-0.38	-1.18	-0.3	-0.12	1.34	0	-1.29	-1.32	0.65	-0.06	-0.3	-0.2	0.32	-1.6	-1.36	-1.84	-1.51	-0.79	0.28	-0.12	0.78	-2.47	-2.32	0.07	-1.15	-2.18	-1.51	-1	-0.51	0.38	-0.56	-0.43	-0.94	0.24	0.15	-0.89	-0.76	0.14	-0.12	-0.18	-0.79	-0.76	-0.86	-2.32	
0.18	0.08	-0.03	0	-0.15	-0.14	0.15	-0.17	0.06	0.23	0.03	0.12	0.1	-0.12	0.21	-0.04	0.23	0.15	-0.4	-0.22	0.41	0.67	0.77	0.76	0.43	0.57	0.34	0.33	0.49	0.32	0.07	0.12	-0.03	0.23	0.48	0.51	0.65	0.58	0.69	0.61	0.48	0.41	0.55	-0.15	0.36	0.23	0.52	0.1	-0.84	-1.4	-1.32	-1	-0.15	0.84	-0.23	0.95	-1.64	-1.69	-0.14	-0.09	-2.18	-1.74	-0.97	-0.81	0.33	0.11	-0.49	-1.03	-0.3	-0.04	-0.22	-1.03	0.23	0.16	0.38	0.23	0.25	-1.09	-1.84	
1.74	1.33	0.53	0.01	0.29	0.2	0.1	0	0.46	0.31	0.24	0.16	0.16	-0.03	0	0.39	-0.38	-0.07	-0.07	-0.25	0.14	1.16	0.23	0.67	0.48	0.04	-0.89	-0.86	-0.62	-1.51	-0.81	-0.54	-0.32	-0.06	0.24	0.41	0.46	0.49	0.39	0.77	0.3	0.15	0.41	0.57	0.11	-0.23	0.14	0.16	-1.69	-2	-2	-1.36	-0.4	0.26	-0.18	1.5	-2.74	-3.18	-0.15	-1.43	-2.74	-1.4	-0.84	-1.29	0.55	-0.34	-0.25	-1.18	0.04	-0.43	-1.47	-1.56	0.1	-0.29	-0.18	-0.64	-0.81	-1.18	-2.4	
0.06	-0.12	-0.06	-0.27	-0.15	0	-0.01	0.01	-0.18	-0.07	-0.45	-0.25	-0.2	-0.3	-0.17	-0.29	0.18	0.34	-0.04	-0.3	0.26	0.06	0.54	0.19	-0.43	-0.3	-0.54	-0.47	0.16	-0.62	-0.42	-0.56	0.1	0.12	0.46	0.33	0.46	0.39	0.36	0.24	0.38	0.03	0.38	-0.04	0.42	0.16	0.89	-0.58	-1.22	-1.22	-1.51	-1.06	-0.54	-0.45	-0.34	0.49	-1.74	-1.6	-0.51	-0.94	-1.32	-0.92	-0.94	-0.6	0.01	0.41	-0.76	-0.94	-0.62	-0.14	-0.84	-1.36	-0.17	-0.49	-0.22	-0.17	-0.38	-1.25	-1.89	
-0.29	0	-0.25	0.04	-0.17	0.06	-0.15	0.3	-0.01	-0.09	0.1	-0.17	0	0.01	0.24	0.12	0.16	-0.23	0.14	-0.14	0.21	0.48	0.23	0.25	0.06	-0.25	-0.23	-0.36	0.24	-0.54	-0.6	-0.58	0.04	0.25	0.46	0.43	0.58	0.57	0.58	0.51	0.52	0.2	0.53	0.42	0.58	0.08	1.07	-0.32	-1.25	-1.6	-1.84	-1.51	-0.97	-0.2	-0.23	0.89	-2.25	-2.56	-0.14	-1.12	-1.18	-1.18	-1.36	-0.32	-0.25	0.39	-0.76	-1.09	-0.29	0.29	-0.64	-0.92	0	-0.56	-0.36	-0.58	-0.36	-1.64	-2.06	
0.04	-0.23	-0.1	-0.12	0	-0.45	0.01	0.01	-0.15	-0.22	-0.01	-0.54	-0.12	-0.23	0.25	-0.27	0.37	-0.34	-0.58	-0.4	0.12	-0.01	0.41	0.2	0.31	-0.06	-0.1	-0.23	-0.03	-0.38	-0.36	-0.42	-0.22	0.11	0.31	0.31	0.53	0.54	0.44	0.28	0.41	0.06	0.4	0.14	0.29	0.29	0.51	-0.29	-1.29	-1.36	-1.4	-1.09	-0.74	0.18	-0.25	0.61	-0.56	-0.6	-0.09	-1.47	-2.18	-1.84	-0.92	-0.45	0.11	0.25	-0.74	-1.03	-0.23	-0.29	-0.81	-1.79	0.06	-0.17	-0.23	-0.49	-0.3	-1.79	-2.06	
0.16	-0.32	-0.1	-0.17	0	-0.38	0.03	-0.18	-0.23	-0.06	-0.18	-0.42	0.06	-0.34	0.21	-0.29	0.38	-0.14	-0.15	-0.15	0.14	-0.07	0.28	0.12	0.03	0.06	-0.01	-0.18	-0.29	-0.18	-0.22	-0.58	-0.43	-0.17	0.11	0.11	0.5	0.33	0.45	0.52	0.11	0.07	0.38	0.23	0.3	-0.09	0.3	-0.4	-1.09	-1.47	-1.29	-1.06	-0.84	-0.17	-0.2	0.48	-1.43	-1.64	-0.42	-1.32	-1.89	-2.12	-1.12	0.24	0.2	0.24	-0.74	-1.4	-0.2	-0.27	-0.89	-1.56	-0.07	-0.2	-0.12	-0.4	-0.36	-1.51	-1.84	
-0.27	-0.01	-0.38	-0.17	-0.56	-0.06	-0.4	-0.32	-0.12	0.16	-0.34	-0.2	-0.03	-0.47	0.04	0.04	0.03	0.03	-0.32	0.46	0.36	0.45	0.28	0.58	0.32	0.33	0.07	0.16	0.26	-0.18	-0.38	-0.07	-0.29	-0.18	-0.03	0.2	0.21	0.21	0.01	0.19	0.11	-0.22	0.2	0.33	-0.14	-0.25	0.03	-0.18	-0.97	-1.4	-1.22	-1.03	-0.79	0.24	-0.27	0.66	-1.32	-1.56	-0.15	-1.25	-1.25	-1.51	-1.15	-0.94	-0.23	0.25	-0.67	-1.03	-0.32	-0.17	-1.09	-1.51	-0.12	-0.22	-0.42	-0.51	-0.4	-1.15	-2	
0.04	-0.45	-0.27	-0.27	-0.12	-0.29	0.01	0.87	0.1	0.03	0.3	0.16	0.14	0.23	0.43	0.93	-0.06	0.37	-0.84	-0.3	0.08	0.77	0.32	-0.07	0.38	0.24	0.39	0.39	-0.03	0.12	-0.1	-0.25	-0.04	-0.23	0.08	-0.32	-0.38	-0.62	-0.43	0.49	0.24	0	-0.25	0.62	-1	-0.18	-0.94	0.61	-1.94	-2.32	-2.56	-1.6	-0.54	0.56	0.04	1.82	-3.32	-4.06	0.1	-1.06	-2.56	-1.79	-1.03	-1.15	0.34	-0.1	-0.47	-1.25	-0.12	-0.38	-1.03	-1.47	0.12	0.18	0.24	0.04	-0.06	-0.1	-2	
0.03	0.3	-0.36	-0.03	-0.18	0.07	0.04	-0.18	0.28	0.26	0.16	-0.04	0.2	-0.29	0.36	0.04	0.28	-0.04	-0.76	0.51	0.3	0.36	0.58	0.67	0.5	0.63	0.25	0.44	0.61	0.06	-0.12	0.03	-0.14	0.18	0.32	0.54	0.66	0.67	0.51	0.63	0.51	0.25	0.46	0.51	0.24	0	0.59	0.23	-1.29	-1.79	-2.06	0.38	-0.49	0.61	-0.15	0.99	-2.47	-2.64	0	-0.94	-2.12	-1.64	-0.97	-1.36	0.43	0.07	-0.62	-1.25	-0.27	-0.27	-1.06	-1.69	0.33	-0.1	0.52	0.1	-0.17	-1.29	-1.84	
0.07	0	0.14	0.3	0.11	0.15	-0.06	0.11	0.68	0.03	0.72	0.12	0	0.26	0.59	0.63	0.39	0.34	-0.92	0.16	0.7	0.34	0.26	0.7	0.85	0.58	0.24	0.62	0.54	0.36	-0.22	-0.01	-0.34	-0.15	0.15	0.45	0.64	0.64	0.54	0.84	0.26	0.39	0.6	0.48	0.11	-0.14	0.63	0.11	-1.03	-1.12	-1.18	-0.94	-0.29	0.58	-0.22	0.93	-1.94	-2.25	0.25	-0.81	-2.18	-1.4	-0.86	-1.4	0.65	-0.07	-0.34	-1.25	0.3	-0.09	-0.38	-1.32	0.21	0.01	0.25	-0.09	-0.17	-0.89	-1.79	
0.19	-0.23	0.04	-0.03	0.19	-0.17	-0.09	0.04	0.54	0.01	0.89	-0.18	0.24	0.07	0.73	0.48	0.12	-0.42	0.01	-0.38	0.06	0.72	0.45	0.45	0.52	0.56	0.25	0.1	-0.06	0.21	-0.2	0.01	-0.18	0.12	0.39	0.45	0.56	0.55	0.48	0.46	0.49	0.26	0.46	0.5	0.51	0.3	0.58	-0.03	-1.18	-1.22	-1.4	-1.09	-0.45	0.2	-0.15	1.19	-1.89	-2.18	-0.29	-1.12	-1.79	-2.12	-1.43	-1.56	0.82	0.39	-0.4	-1.22	-0.2	-0.49	-1.09	-2.06	0.12	0.03	0.26	0.21	0.08	-0.56	-1.6	
0.2	-0.12	0.07	-0.03	0.11	-0.15	-0.18	0.19	0.37	-0.01	0.59	-0.09	0.19	0.06	0.53	0.37	0.08	-0.36	-0.64	-0.4	0.19	0.69	0.82	0.65	0.69	0.43	-0.1	-0.03	0.14	0.07	-0.36	-0.15	0	0.24	0.57	0.49	0.68	0.61	0.62	0.7	0.61	0.33	0.56	0.99	0.4	0.36	0.56	0.03	-0.71	-1.32	-1.51	-1.06	-0.09	0.51	-0.12	0.74	-2	-2.12	-0.18	-1.15	-2.25	-1.6	-1	-1.18	0.7	0.08	-0.27	-0.92	0.07	-0.2	-0.56	-1.69	0.12	0.1	0.23	0.11	0.24	-0.89	-1.84	
0.31	-0.07	-0.17	-0.04	-0.17	-0.01	0.03	0.12	0.21	-0.17	0.25	-0.2	0.2	-0.22	0.4	0.01	-0.1	-0.01	0.08	-0.07	0.28	0.18	0.62	0.6	0.57	0.7	0.25	0.2	0.16	-0.1	-0.23	-0.18	0.56	0.3	-0.07	-0.3	-0.4	-0.18	-0.2	-0.03	-0.29	-0.32	-0.38	-0.45	-0.47	-0.62	-0.32	-0.3	-1.25	-1.51	-1.79	-0.54	0	0.06	-0.47	1.44	-2.84	-3.47	-0.04	-0.86	-2.32	-1.84	-1	-1.09	0.43	0.25	-0.67	-1.32	0.12	-0.12	-0.38	-1.79	0.1	0.07	0.24	0.15	-0.1	-0.64	-2.06	
0	-0.27	-0.22	-0.22	-0.18	-0.2	-0.06	-0.1	-0.15	-0.23	-0.38	-0.32	0.12	-0.34	-0.03	-0.36	0.4	-0.25	-0.43	-0.29	-0.03	0.21	0.4	0.39	-0.22	0.11	-0.23	-0.14	0.25	-0.43	-0.79	-0.36	-1.06	-0.38	-0.25	0.04	0.3	0.11	0.11	0.19	-0.12	-0.27	0.11	-0.54	-0.3	-0.4	-0.18	-0.6	-1.47	-1.84	-2.12	-1.25	-0.79	-0.09	-0.4	1.06	-2.06	-2.84	-0.38	-1	-1.74	-1.64	-0.89	-1.22	-0.1	-0.3	-1.09	-0.92	-0.09	-0.03	-0.56	-0.97	-0.09	-0.15	0.04	-0.43	-0.34	-1.43	-2.06	
-0.12	-0.25	-0.1	0.2	-0.12	-0.04	-0.12	0.12	-0.04	-0.34	0.1	-0.36	0.08	-0.23	0.51	-0.15	0.63	-0.25	-0.74	-0.4	0.07	-0.03	0.42	0.49	0.14	0.15	-0.15	-0.03	-0.29	-0.12	-0.56	-0.49	-0.86	0.29	-0.22	-0.42	-0.51	-0.15	-0.49	1.18	1.56	-0.86	0.03	-0.3	-0.64	0.06	-0.79	0.15	-2.06	-2	-2.06	-1.22	-0.45	-0.34	-0.45	1.34	-2.94	-2.94	-0.18	-1.12	-2.18	-1.6	-0.67	-1.06	0.5	-0.09	-0.6	-1.43	0.14	-0.51	-0.84	-1.84	0.41	0.36	0.38	0.07	-0.09	-1.32	-2.18	
-0.12	-0.47	-0.67	-0.38	0	-0.51	-0.12	-0.54	0.01	0.06	0.04	-0.1	-0.1	-0.34	0.01	-0.03	-0.3	-0.07	-0.94	-0.29	0.32	0.7	0.14	0.48	0.16	0.98	0.55	0.61	-0.18	0.23	0.24	0.14	-0.23	0.46	-0.4	-0.29	-0.62	-0.04	-0.45	0.68	0.21	-0.86	-0.38	0.24	-1.6	-0.36	-0.56	0.04	-2.06	-2.84	-2.64	-1.94	-1.15	0.58	-0.12	1.38	-3.06	-4.32	-0.71	-1.32	-2.56	-2.06	-1.29	-1.47	0.4	-0.03	-0.64	-1.43	0.23	-0.36	-1.18	-2	0.23	0.15	0.55	0.15	0.04	-1.29	-1.56	
-0.17	-0.94	-0.09	-0.29	0.38	-0.67	0	-0.2	0.2	-0.2	0.61	-0.29	0.01	-0.36	0.43	-0.01	0.3	-0.42	-1.06	-0.81	-0.03	0.3	0.45	-0.32	-0.2	0.2	0.23	-0.1	-0.58	-0.14	-0.03	-0.49	-0.14	-0.23	0.18	0.16	0.24	0.16	0.26	0.14	0.03	-0.09	0.24	-0.01	0.19	0.03	0.24	-0.15	-1.94	-2.32	-2.32	-1.4	-0.69	-0.01	-0.34	1.23	-3.06	-3.47	-0.76	-2.18	-1.6	-1.4	-0.64	-0.89	0.19	-0.23	-0.62	-1.18	-0.23	-0.81	-1.03	-1.51	-0.2	-0.43	-0.22	-0.38	-0.2	-1.51	-2.18	
0.28	-0.29	-0.15	-0.3	-0.27	-0.3	0.04	-0.09	0	-0.09	-0.14	-0.14	0.2	-0.14	0.14	-0.07	-0.45	0.04	-0.49	-0.09	0.16	0.46	0.51	0.4	0.49	0.25	0.25	0.41	0.34	0.03	-0.1	-0.04	-0.51	-0.34	-0.15	0.06	0.18	0.15	0.18	0.08	-0.06	-0.25	0.04	-0.97	-0.22	-0.42	-0.18	0.08	-2.18	-2.47	-2.56	-1.84	-0.97	0.45	-0.42	1.53	-2.74	-2.12	-0.3	-1.69	-2.25	-1.74	-0.97	-0.69	0.31	-0.22	-0.69	-1.25	-0.09	-0.27	-0.38	-1.43	0.07	-0.42	-0.03	-0.79	-0.84	-1.69	-2.84	
-0.17	-0.62	-0.14	-0.38	-0.29	-0.42	-0.15	0.42	0.01	0.29	-0.22	-0.17	-0.12	-0.07	0.04	0.19	0.14	0.07	-0.94	-0.14	0.33	-0.09	0.5	0.74	0.31	0.79	0.51	0.25	0.07	0.01	0.06	0.01	-0.23	0.14	0.3	-0.12	0.04	0.03	0.15	-0.07	0.31	-0.29	0.03	0.03	0	-0.06	0.16	0.01	-0.97	-1.47	-1.79	-1	-0.51	0.61	-0.38	0.75	-2.06	-2.47	-0.51	-1.89	-2.4	-2.12	-1.43	-0.89	0.16	0.3	-0.74	-1	-0.69	-0.27	-0.64	-1.47	0.04	0.01	0.39	-0.17	-0.27	-1.12	-2.47	
-0.17	-0.58	-0.23	-0.25	-0.36	-0.54	-0.32	-0.47	-0.09	-0.38	-0.32	-0.32	-0.12	-0.56	-0.06	-0.22	-0.29	0.14	-0.92	-0.64	-0.06	0.01	0.07	0.44	-0.07	0.24	0.08	0.06	0.03	0.01	-0.09	-0.18	-1.12	0.1	0.36	0.2	-0.45	0.03	0.1	1.16	0.5	-0.49	0.38	-0.27	-0.81	0.16	-0.18	-0.1	-1.36	-1.56	-2	-1.09	-0.4	0.59	-0.27	1.15	-2.64	-2.56	-0.32	-1.51	-2.4	-2.25	-1.15	-1.4	0.18	0.03	-0.92	-1.36	-0.6	-0.43	-1.15	-2.56	0.19	-0.09	0.34	-0.07	-0.47	-1.47	-2.4	
-0.34	-0.15	-0.64	-0.27	-0.58	-0.27	-0.54	-0.38	-0.17	0.15	-0.3	-0.34	-0.09	-0.71	-0.1	-0.34	-0.22	-0.18	-0.56	-0.01	-0.3	0.37	0.33	0.63	0.23	0.46	0.03	0.36	0.36	0.21	-0.12	-0.09	-0.32	-0.04	0.1	0.18	0.26	0.12	0.31	0.28	0.23	-0.07	0.33	0.08	0.07	-0.15	0.19	0	-1.18	-1.51	-1.79	-1.03	-0.42	0.12	-0.14	1.17	-2.56	-2.64	-0.42	-1.51	-2.64	-1.69	-1.18	-2	0.33	0.2	-0.67	-1.43	-0.62	-0.25	-1.6	-1.89	0.29	-0.12	0.2	-0.07	-0.38	-1.51	-2.18	
-0.01	-0.34	-0.38	-0.38	-0.06	-0.43	0.06	-0.32	-0.23	-0.14	0.72	-0.3	0.12	-0.42	0.1	-0.27	0.29	-0.14	-1.18	-0.36	-0.1	-0.4	0.08	0.04	-0.12	0	0.38	0.43	-0.15	0.07	-0.01	-0.43	-0.23	0	0.29	0.32	0.59	0.45	0.46	0.37	0.16	-0.07	0.38	-0.34	0.03	-0.1	0.36	-0.07	-1.06	-1.43	-1.29	-0.84	-0.47	0.42	-0.12	0.8	-2.18	-2.32	-0.62	-1.29	-2.06	-1.43	-0.74	-1.32	0.07	-0.17	-0.74	-1.22	-0.71	-0.86	-1.36	-1.84	0.33	0.12	0.16	-0.09	-0.17	-1.29	-1.84	
0.07	-0.38	-0.6	-0.22	-0.89	-0.18	-0.67	-0.38	-0.1	0.08	-0.15	-0.27	-0.12	-0.38	-0.01	0.12	-0.06	-0.01	-0.92	0.62	0.26	0.65	0.43	0.65	0.48	0.46	0.12	0.15	0.36	-0.27	-0.23	-0.32	-0.12	0.14	0.2	0.06	0.1	0.08	0.08	0.08	-0.07	-0.42	0.23	-0.29	-0.09	-0.27	0.04	0.4	-1.84	-1.94	-2.32	-1.43	-0.6	0.34	-0.15	1.41	-2.94	-3.06	-0.12	-1.64	-2.18	-1.84	-0.97	-1.36	0.03	0.04	-0.54	-1	-0.45	-0.27	-1.64	-2.06	0.2	0.04	0.41	-0.14	-0.36	-1.12	-2.18	
-0.03	0.11	-0.56	0	-0.45	-0.1	-0.04	0.11	0.12	-0.18	0	-0.07	0.16	-0.23	0.41	-0.12	0.08	0.04	-0.69	0.16	-0.3	0.83	0.58	0.7	0.92	0.31	0	0.15	0.42	-0.06	-0.34	-0.04	-0.36	0	-0.79	-0.23	0.21	0.24	0.32	0.34	-0.06	-0.49	-0.01	0.56	0.25	-0.51	-0.2	0.07	-1.89	-2.32	-2.4	-1.43	-0.43	0.18	0.01	1.84	-2.84	-3.06	-0.29	-1.56	-2.84	-1.94	-1.12	-1.12	0.52	0.11	-0.43	-1.03	-0.27	-0.23	-1.06	-1.56	0.41	0.04	0.32	-0.03	-0.15	-1.25	-1.43	
-0.01	-0.34	-0.1	-0.25	-0.09	-0.18	0.04	-0.15	0.06	-0.12	-0.18	-0.25	0.06	-0.25	0.1	-0.2	0.06	0.11	-0.79	-0.43	0.15	0.58	0.8	0.66	0.08	0.48	0.23	0.29	0.18	-0.04	-0.23	-0.07	-0.32	-0.2	-0.03	0.53	0.2	0.33	0.21	0.15	0.34	-0.09	-0.23	-0.56	-0.04	-0.12	-0.06	-0.12	-1.79	-2.47	-2.4	-1.64	-0.62	0.44	-0.34	1.16	-2.32	-2.64	-0.43	-1.84	-1.94	-2.12	-1.09	-1.09	0.21	-0.25	-0.81	-1.32	-0.49	-0.3	-1.06	-1.89	0.11	-0.2	0.01	-0.6	-0.64	-1.79	-2.18	
-0.14	-0.4	-0.36	-0.69	-0.4	-0.51	-0.03	-0.38	-0.2	0	-0.23	-0.3	-0.12	-0.27	0	-0.32	-0.14	-0.15	-1.6	-0.45	0.08	0.23	0.58	0.62	0.43	0.6	0.28	0.46	0.3	0.11	0.1	0.12	-0.23	0.08	0.3	0.15	0.37	0.25	0.11	-0.04	-0.15	-0.29	0.08	-0.79	-0.2	-0.38	-0.29	-0.04	-1.4	-2.06	-2.25	-1.64	-0.6	0.82	-0.32	1.21	-2.64	-2.47	-0.3	-1.36	-2.56	-1.43	-0.62	-0.97	0.24	-0.56	-0.74	-1.15	-0.6	-0.94	-1.12	-2.25	0.33	0.03	-0.22	-0.62	-0.71	-1.89	-2.32	
-0.12	-0.32	-0.36	-0.29	-0.43	-0.43	-0.07	-0.15	-0.17	-0.04	-0.38	-0.47	-0.07	-0.45	0.07	-0.56	0.1	0.08	-0.92	-0.23	0.11	0.16	0.33	0.56	-0.04	0.36	0.29	0.25	0.14	-0.04	-0.29	-0.25	0.01	0.12	0.25	0.16	0.18	0.24	0.26	0.19	0.01	-0.15	0.23	-0.51	0	-0.17	0.15	-0.47	-1.22	-2	-1.84	-1.43	-0.6	0.26	-0.29	0.83	-2.4	-2.94	-0.42	-1.79	-2.32	-1.47	-0.97	-0.43	0.07	0.1	-0.76	-1.25	-0.79	-0.74	-1.18	-2.25	0.08	0.08	-0.12	-0.36	-0.49	-1.69	-2.32	
0.15	-0.4	-0.49	-0.42	-0.54	-0.54	0.01	-0.32	0.08	-0.34	-0.06	-0.29	0.1	-0.49	0.19	-0.15	-0.06	-0.1	-0.32	-0.49	0.5	0.32	0.16	0.42	0.37	0.59	0.3	0.61	0.41	0.3	-0.09	-0.17	-0.17	0.1	0.21	0.25	0.32	0.24	0.26	0.34	0.18	-0.12	0.07	0.64	0.19	-0.04	0.18	0.01	-2.47	-2.64	-2.94	-1.84	-1.06	-0.1	-0.6	1.36	-4.32	-4.64	-0.3	-1.6	-2.64	-2.32	-1.36	-1.25	0.46	0.06	-0.67	-1.25	0.12	-0.71	-0.45	-2.25	0	-0.06	0.04	-0.22	-0.09	-0.84	-2.18	
-0.03	-0.69	-0.1	-0.47	-0.43	-0.62	-0.06	-0.04	0.08	0.14	-0.27	0.07	0.15	-0.29	0.08	0.45	-0.12	0.18	-1.4	-0.58	-0.17	-0.03	0.29	0.4	0.01	0.49	0.46	0.5	-0.12	0.12	-0.07	-0.06	-0.15	0.11	0.21	0.07	0.19	0.08	0	0	-0.04	-0.29	0.07	0.29	0.01	-0.12	0.01	0.08	-2	-2.64	-2.56	-1.79	-1	0.45	0.23	1.24	-3.47	-3.84	-0.56	-1.69	-2.64	-2.18	-1.18	-1.74	0.44	0.06	-0.69	-1.36	-0.43	-0.45	-0.89	-1.69	0.18	0.23	0.2	0.08	0.12	-1.6	-2.56	
0.2	-0.36	-0.25	-0.29	-0.32	-0.4	0.07	-0.27	0.12	-0.14	0.04	-0.09	0.2	-0.34	0.23	-0.09	0.1	-0.09	-0.45	0.07	0.16	0.29	0.26	0.39	0.21	0.38	0.3	0.52	-0.07	0.32	0.15	-0.1	-0.14	0.07	0.33	0.3	0.37	0.32	0.23	0.24	0.15	-0.06	0.26	-0.1	0.24	-0.03	0.25	0.11	-1.32	-2	-2.12	-1.36	-0.47	0.87	-0.38	1.14	-2.94	-3.18	-0.25	-1.56	-2.06	-1.6	-0.94	-0.64	0.3	0.03	-0.76	-1.18	0.01	-0.49	-0.76	-1.89	0.42	0.01	0.14	-0.12	0.01	-1.47	-2.25	
-0.09	-0.2	-0.54	-0.01	-0.23	-0.07	0.03	-0.15	0.28	-0.09	-0.01	-0.1	0.1	-0.03	0.28	0.11	-0.03	0.26	-0.74	-0.06	0.04	0.7	1.01	0.82	0.69	0.96	0.74	0.68	0.39	0.37	0.12	0.29	-0.43	-0.03	0.18	0.32	0.41	0.46	0.34	0.45	0.39	0.19	0.14	0.77	0.01	-0.06	0.01	0.16	-2	-1.94	-2.56	-1.84	-0.6	-0.01	-0.84	0.82	-3.06	-4.06	-0.34	-1.47	-2.84	-1.79	-1.15	-1.06	0.55	-0.1	-0.47	-1.22	-0.32	-0.64	-0.92	-1.74	0.19	-0.17	-0.09	-0.1	-0.1	-1.94	-3.06	
0.19	-0.36	-0.22	-0.14	0.15	-0.4	0.14	-0.34	0	-0.15	0.03	-0.22	0.24	-0.15	0.28	-0.03	0.31	-0.09	-1.29	-0.2	-0.06	0.43	0.34	0.26	0.24	0.53	0.58	0.5	0.03	0.32	0.04	-0.03	-0.62	-0.4	-0.15	0.19	0.29	0.16	0.14	0.07	-0.25	-0.34	-0.09	0.04	-0.56	-0.58	-0.56	-0.12	-1.32	-1.84	-2.06	-1.32	-0.32	0.34	-0.36	1.17	-3.47	-3.64	-0.2	-1.25	-2.4	-1.09	-0.45	-1.18	0.29	-0.64	-0.69	-1.29	-0.01	-0.67	-1	-2.06	0.26	0.15	0.44	-0.36	-0.29	-1.69	-2.47	
-0.14	0.06	-0.14	-0.06	-0.12	0.14	-0.04	0.37	0.03	0.2	-0.14	-0.06	0	-0.1	-0.01	0	0.11	0.2	-0.97	0.66	0.15	0.78	1	0.74	0.67	0.73	0.36	0.68	0.46	0.26	0.14	0.23	-0.51	-0.32	-0.22	0.23	0.24	0.18	0.03	0.03	-0.12	-0.32	-0.03	0.42	-0.62	-0.71	-0.69	-0.1	-1.43	-1.6	-2.06	-1.51	-0.25	0.38	-0.58	1.41	-3.06	-3.06	0.03	-1.22	-2.32	-1.32	-0.62	-0.69	0.29	-0.79	-0.54	-1.25	-0.09	-0.34	-0.67	-1.15	0.32	0.23	0.45	-0.12	-0.34	-1.94	-2.56	
-0.12	-0.04	-0.58	-0.12	-0.23	-0.09	-0.1	-0.15	-0.15	-0.29	-0.25	-0.36	0.15	-0.23	0.16	-0.22	0	-0.15	-0.69	0.08	-0.67	0.45	0.96	0.67	0.41	0.71	0.14	0.44	0.44	0.01	0.26	0.23	-0.69	-0.36	-0.12	0.15	0.38	0.24	0.03	0.36	-0.04	-0.3	0	-0.34	-0.45	-0.38	-0.47	0.18	-1.79	-2	-2.25	-1.51	-0.62	0.2	-0.29	1.37	-3.06	-2.74	-0.04	-1.03	-2.4	-1.25	-0.74	-0.76	0.32	-0.79	-0.45	-1.25	-0.22	-0.3	-1.15	-1.64	0.21	-0.14	0.25	-0.3	-0.56	-1.89	-2.47	
0.3	-0.2	0	-0.12	0.04	-0.32	0.21	0.03	0.08	-0.07	0.03	-0.18	0.15	0.03	0.41	0.04	0.44	0.25	-0.6	0.2	0.25	0.54	0.65	0.57	0.61	0.68	0.48	0.44	0.25	0.21	0.08	-0.06	0.48	0.48	0.51	-0.36	-0.34	-0.25	0.11	0.39	0.44	-0.29	-0.17	0.32	0.12	0.3	0.45	-0.04	-2.25	-2.84	-2.64	-1.94	-1.06	0.49	-0.43	1.1	-2.74	-2.84	-0.3	-1.29	-2.32	-2	-0.81	-1.12	0.46	-0.56	-0.76	-1.06	0.1	-0.12	-0.25	-1.36	0.07	0.06	-0.25	-0.58	-0.42	-1.51	-2.64	
0.12	-0.29	-0.14	-0.29	-0.2	-0.51	0.15	-0.15	0.01	-0.29	-0.22	-0.14	0.12	-0.27	0.21	-0.17	0.29	-0.04	-0.89	-0.07	0.36	-0.04	0.58	0.26	0.28	0.9	0.56	0.52	0.14	0.16	0.07	0.06	-0.45	-0.23	0.08	0.14	0.26	0.25	0.25	0.18	0.04	-0.18	0.11	0	-0.15	-0.2	-0.1	-0.27	-1.94	-2.4	-2.47	-1.74	-1	0.23	-0.43	0.86	-2.74	-3.06	-0.42	-1.32	-2.25	-1.79	-0.79	-1.12	0.37	-0.67	-0.56	-1.15	-0.2	-0.29	-0.34	-1.56	0.33	0.51	0.33	-0.3	-0.12	-1.56	-2.12	
0.21	-0.29	-0.18	0.01	0.18	-0.1	0.2	-0.09	0.1	-0.18	0.15	-0.09	0.19	0.06	0.55	0.12	0.44	0.11	-0.69	-0.06	0.08	0	0.41	0.54	0.4	0.54	0.3	0.26	0.03	0.34	0.01	0.11	-0.22	0.14	0.15	-0.76	-0.67	-0.49	-0.06	0.89	-0.34	-0.86	-0.42	0.52	-0.84	-0.07	-0.18	-0.2	-2.56	-2.74	-2.94	-2.18	-1.12	0.59	-0.54	1	-3.64	-3.84	-0.23	-1.36	-3.06	-2.18	-0.97	-0.97	0.39	0.01	-0.64	-1.47	-0.03	-0.94	-0.12	-2.47	0.11	0.08	0.18	-0.38	-0.42	-1.84	-2.47	
0.2	-0.15	-0.2	-0.06	0.08	-0.18	0.2	0.14	0.07	-0.1	0.1	-0.14	0.21	-0.22	0.57	-0.04	0.6	-0.06	-0.47	0.14	0.28	0.33	0.64	0.58	0.58	0.43	0.21	0.21	0.2	0.16	-0.2	-0.09	-0.38	-0.15	0.18	0.18	0.31	0.12	-0.54	0.23	-0.04	-0.17	0.06	0.1	0.1	-0.17	-0.04	-0.18	-2.12	-2.84	-2.56	-1.74	-0.92	0.78	-0.38	0.95	-3.84	-3.47	-0.2	-1.6	-2.64	-1.79	-0.84	-0.56	0.31	-0.09	-0.6	-1.09	-0.1	-0.56	0.1	-2.06	0.33	0.14	0.14	-0.42	-0.62	-1.94	-2.4	
0.21	-0.1	0.04	0.2	0.18	0.24	0.24	0.08	0.15	-0.23	0.29	-0.29	0.18	-0.23	0.64	-0.12	0.29	-0.15	-0.64	0.15	0.3	0.36	0.44	0.64	0.67	0.76	0.34	0.4	0.1	0.29	-0.1	-0.01	-0.43	-0.12	-0.03	0.44	0.73	0.69	0.63	0.53	0.21	0.23	0.42	-0.06	0.1	0.04	0.08	0	-1.84	-2.18	-2.32	-1.56	-0.81	0.16	-0.23	1.23	-3.32	-3.64	-0.3	-0.97	-2.47	-1.79	-0.84	-1.06	0.53	-0.76	-0.45	-0.97	0.08	-0.38	-0.47	-1.32	0.11	0.06	-0.14	-0.42	-0.56	-1.51	-2.64	
0.28	0.34	0	0.08	0.12	0.04	0.28	0.11	0.24	0.08	0.11	-0.06	0.28	-0.12	0.49	0.03	0.46	0.04	-0.62	0.18	0.55	0.61	1.13	1.03	0.71	1.01	0.62	0.82	0.67	0.52	0.25	0.21	-0.25	0.2	0.42	0.6	0.71	0.49	0.52	0.43	0.19	0.39	0.44	0.08	0.19	0.04	0.07	0	-1.89	-2.12	-2.4	-1.47	-0.84	0.12	-0.45	0.93	-3.47	-3.47	0.16	-1.15	-2.25	-1.6	-0.76	-0.84	0.36	-0.18	-0.34	-1.09	0.25	0.06	-0.1	-1	0.2	0.18	0.3	-0.2	-0.2	-1.74	-2.94	
0.14	-0.04	0.08	-0.27	0.1	-0.27	0.25	-0.23	-0.06	-0.09	-0.1	-0.25	0.07	-0.23	0.2	-0.22	0.25	-0.18	-1.03	-0.23	0.06	0.72	0.7	0.76	0.55	0.37	0.3	0.4	0.08	0.07	-0.22	-0.2	-0.32	-0.22	-0.01	0.12	0.42	0.29	0.2	0.06	0.08	-0.25	0.1	0.54	-0.3	-0.43	-0.4	-0.06	-1.89	-2.06	-2.47	-1.69	-0.74	0.43	-0.58	1.38	-3.32	-3.06	0.04	-0.81	-2.06	-1.43	-0.51	-0.74	0.31	-0.58	-0.76	-1.09	0.11	-0.07	-0.49	-1.06	-0.09	-0.04	0.3	-0.2	-0.09	-1.12	-2.74	
0	-0.64	-0.32	-0.32	-0.07	-0.3	0.04	-0.4	-0.06	-0.3	0.01	-0.34	0.04	-0.2	0.19	-0.1	0.1	-0.12	-0.86	-0.71	-0.38	0.15	0.28	0.15	-0.03	0.51	0.64	0.39	-0.43	0.28	-0.01	-0.15	-0.43	-0.2	0.01	0.14	0.34	0.25	0.24	0.12	-0.01	-0.2	-0.01	0.16	-0.15	-0.15	-0.32	0.08	-2.56	-2.25	-2.56	-1.79	-0.86	-0.36	-0.51	0.93	-3.64	-3.84	-0.15	-1.29	-2.32	-1.18	-0.94	-0.79	0.15	-0.43	-0.67	-1.56	0.12	-0.47	0	-1.56	0.06	0.08	0.15	-0.84	-0.23	-1.64	-2.56	
0.14	-0.07	-0.18	-0.03	-0.22	-0.07	-0.2	0.12	0	-0.17	0	-0.09	0.24	0.12	0.24	0.14	-0.12	-0.04	-0.74	-0.04	0.55	0.86	0.82	0.7	0.61	0.79	0.49	0.21	0.28	0.1	0.01	-0.2	-0.64	-0.54	-0.29	0.06	0.04	0.06	-0.12	0.06	-0.15	-0.49	-0.07	-0.58	-0.51	-0.56	-0.45	0.04	-2.06	-2.47	-2.84	-1.89	-0.89	0.69	-0.43	1.57	-3.47	-4.32	0.11	-1.18	-2.32	-1.47	-0.79	-0.42	0.15	-0.54	-0.71	-1.22	-0.03	-0.3	-0.56	-1.29	0.3	0.08	0.26	-0.22	-0.17	-1.36	-2.32	
0.37	-0.51	0.11	0.11	0.24	-0.22	0.24	-0.09	0.29	0.06	0.34	-0.03	0.34	0	0.54	0.11	0.45	0.2	0.37	-0.01	0.28	0.65	0.71	0.78	-0.14	0.52	0.48	0.53	0.36	0.44	0.19	0.08	-0.17	0.21	0.31	0.43	0.46	0.44	0.49	0.32	0.41	0.23	0.42	0.18	0.28	0.2	0.2	0.03	-2.12	-2.12	-2.4	-1.4	-0.67	0.25	-0.25	1.62	-3.06	-3.18	-0.22	-0.81	-2.06	-1.64	-1.18	-0.89	0.69	0.08	-0.49	-1.25	-0.45	-0.42	-0.03	-1.56	0.16	0.32	0.1	-0.07	-0.17	-1.79	-2.84	
0.15	-0.49	0.18	-0.38	0.29	0.28	0.39	-0.06	0.26	0.12	0.8	0.11	0.14	0.25	0.52	0.1	0.51	-0.18	-0.97	-0.3	-0.23	-0.04	0.63	-0.04	0.04	0.03	-0.03	0.06	-0.22	-0.23	-0.58	-0.54	-0.51	-0.27	0.03	0.12	0.37	0.2	0.12	0.14	-0.23	-0.18	0.08	-0.29	-0.32	-0.45	-0.47	-0.32	-1.47	-2.06	-2.18	-1.51	-0.62	0.51	-0.6	1.12	-3.32	-4.06	-0.2	-1.29	-2.18	-1.79	-0.71	-1.25	0.1	-0.43	-0.97	-1.51	-0.18	-0.51	-1.18	-1.84	0.34	0.26	0.21	-0.38	-0.34	-1.6	-2.25	
0.31	0.03	-0.03	-0.03	0.07	-0.18	0.2	0.01	0.3	0.18	0.29	-0.03	0.3	-0.03	0.21	-0.04	0.23	0.06	-0.18	0.19	0.48	0.82	1.01	0.97	0.79	0.64	0.42	0.48	0.58	0.29	-0.01	0.03	-0.2	0.32	0.38	0.19	0.37	0.33	0.29	0.32	0.37	0.14	0.44	0.58	0.43	0.38	0.63	0.36	-1.79	-2.18	-1.94	-1.51	-0.6	0.53	0.19	1.43	-2.47	-2.84	-0.2	-1.43	-2.47	-1.89	-1.4	-1.18	0.31	0.74	-0.49	-1.18	-0.12	0.07	-0.18	-1.18	0.37	0.14	0.46	0.04	-0.01	-1.36	-2.47	
0.42	-0.03	0.06	-0.12	-0.07	-0.3	0.23	0.06	0.48	0.12	0.37	-0.12	0.19	0.07	0.63	0.14	0.46	-0.09	-0.03	-0.01	0.31	0.69	0.72	0.69	0.84	0.51	0.24	0.12	0.26	0.24	-0.15	-0.17	0.01	0.46	0.74	0.8	0.78	0.59	0.62	0.88	0.71	0.58	0.75	0.1	-0.47	0.71	1.25	-0.01	-1.79	-2.18	-1.89	-1.32	-0.64	0.28	0.01	1.2	-2.74	-2.84	-0.25	-1.43	-2.56	-2	-1.25	-0.86	0.39	0.73	-0.49	-1.03	-0.12	-0.25	-0.27	-1.79	0.15	0.12	0.34	-0.2	0.1	-0.64	-1.84	
-0.04	0.1	-0.23	0.07	-0.25	0.15	0	0.33	0.39	0.57	0.42	0.1	0.16	-0.04	0.32	0.48	0.26	0.31	-0.27	0.08	0.12	0.74	0.92	0.85	0.7	0.61	0.26	0.43	0.54	0.26	-0.14	0.07	0.12	0.44	0.63	0.72	0.64	0.67	0.51	0.56	0.58	0.43	0.58	0.83	0.57	0.41	0.64	0.1	-1.69	-2.12	-2.56	-1.56	-0.58	0.3	-0.51	1.1	-2.84	-3.06	-0.3	-1.89	-2.64	-1.84	-1.32	-0.79	0.48	0.62	-0.43	-0.74	-0.29	-0.3	-0.67	-1.56	0.25	0.15	0.39	-0.04	-0.17	-0.92	-2.18	
0.14	-0.18	0.03	0.08	0.06	0.15	0.12	0.21	0.41	-0.01	0.41	-0.12	0.11	-0.27	0.53	0.12	0.64	0.08	-0.4	0.04	0.19	0.75	0.68	0.46	0.4	0.34	0.18	0.24	0.01	0.14	-0.34	-0.27	-0.14	0.26	0.58	0.41	0.54	0.58	0.54	0.5	0.52	0.19	0.38	0.29	0.46	0.3	0.66	-0.17	-1.51	-1.94	-2.25	-1.56	-0.81	0.15	-0.47	0.97	-2.32	-2.47	-0.42	-1.94	-2.56	-1.94	-1.22	-0.89	0.34	0.48	-0.81	-0.97	0.08	-0.2	-0.14	-1.36	0.26	0.01	0.2	0.03	0.04	-1.32	-2.18	
0.1	-0.07	-0.23	0.03	-0.2	0.03	-0.22	0.37	0.4	-0.09	0.5	-0.1	0.2	0.07	0.34	0.32	0.07	-0.1	-0.49	-0.01	0.58	0.68	0.72	0.84	0.81	0.58	0.4	0.2	0.51	0.03	-0.23	-0.09	-0.12	0.18	0.38	0.28	0.28	0.34	0.4	0.3	0.44	0.04	0.3	0.43	0.3	0.01	0.58	0.33	-1.69	-2.18	-2.12	-1.25	-0.43	0.44	-0.22	1.53	-3.32	-4.06	-0.27	-1.25	-2.56	-1.74	-1.22	-1.22	0.39	0.48	-0.42	-1	-0.2	-0.15	-1.03	-1.6	0.42	-0.09	0.28	-0.09	-0.34	-1.64	-2.25	
0.01	-0.67	-0.06	-0.14	-0.04	0.16	-0.06	-0.25	0.14	0	0.38	-0.29	0.07	-0.29	0.38	-0.17	0.01	-0.22	-1	-0.45	-0.15	0.01	0.14	0.01	0.12	0.04	0.01	0	-0.27	-0.06	-0.22	-0.51	-0.14	0.07	0.29	0.24	0.28	0.3	0.21	0.18	0.23	-0.03	0.25	0.46	0.21	0.12	0.26	0.15	-1.15	-1.64	-1.64	-1.29	-0.67	0.56	-0.04	0.71	-2.32	-2.4	-0.71	-1.56	-2.4	-1.94	-1.18	-1.6	0.18	0.33	-0.56	-1	-0.36	-0.97	-0.86	-2	0.1	0.01	0.42	0.14	0.1	-1	-2	
0.25	-0.17	-0.1	-0.18	-0.07	-0.17	0.16	0.11	0.3	0.15	0.26	-0.17	0.07	0	0.51	0.01	0.5	-0.03	-0.74	-0.12	0.15	0.39	0.51	0.29	0.34	0.44	0.1	-0.09	0.06	0.2	-0.2	-0.4	-0.18	0.25	0.45	0.26	0.45	0.45	0.37	0.36	0.37	0	0.3	0.15	0.29	0.28	0.53	0.38	-1.15	-1.79	-1.64	-1.25	-0.74	0.52	-0.01	0.92	-2.47	-2.32	-0.64	-1.43	-2.64	-2	-1.15	-1.47	0.36	0.28	-0.49	-1.03	-0.22	-0.89	-1.36	-2.64	0.42	0.37	0.39	0.19	0.29	-1.09	-1.6	
0.15	-0.43	-0.09	-0.25	0.07	0.15	0.11	-0.2	0.54	-0.09	0.58	-0.2	0.06	0	0.56	0.19	0.49	-0.2	-0.74	-0.2	0.06	0.52	0.59	0.14	0.23	0.3	0.2	-0.15	-0.03	-0.06	-0.36	-0.45	-0.29	0.12	0.37	0.25	0.48	0.67	0.57	0.45	0.32	0.28	0.5	0.07	0.64	0.39	0.57	-0.06	-1.64	-2.32	-2.25	-1.36	-0.56	0.4	0.01	1.53	-2.74	-3.06	-0.84	-1.51	-2.84	-2.47	-1.47	-2.56	0.48	0.52	-0.69	-1.43	-0.1	-0.86	-1.43	-2.47	0.2	0.11	0.06	-0.29	-0.27	-1.84	-2.64	
0.06	-0.17	-0.23	-0.07	-0.09	-0.23	0.1	0.14	0.1	0.04	0.12	-0.18	0.19	-0.36	0.49	-0.12	0.53	0.03	-0.45	-0.14	0.15	0.04	0.72	0.9	0.59	0.38	0.29	0.19	0.25	0.1	-0.49	-0.22	-0.06	0.32	0.68	0.59	0.52	0.53	0.45	0.45	0.41	0.31	0.43	-0.34	0.55	0.37	0.48	-0.1	-2.18	-2.74	-2.74	-2.06	-0.76	0.5	-0.42	1.62	-3.84	-3.84	-0.74	-1.74	-3.18	-2.64	-1.25	-1.79	0.71	0.49	-0.49	-1.29	-0.6	-0.76	-1.15	-2.06	0.21	0.21	0.39	0.01	-0.03	-1.6	-2.47	
0.18	-0.58	-0.32	-0.23	0	-0.29	0.12	-0.27	0.15	-0.15	0.2	-0.2	0.15	-0.23	0.44	-0.04	0.11	0	-0.92	-0.22	-0.07	0.28	0.41	0.44	0.07	0.19	0.04	-0.04	0.14	0.06	-0.34	-0.54	-0.3	0.14	0.5	0.45	0.51	0.51	0.58	0.37	0.48	0.07	0.41	0.04	0.44	0.39	0.51	-0.1	-2.18	-2.84	-2.94	-2	-0.64	0.39	-0.6	1.66	-3.84	-4.64	-0.71	-1.89	-3.47	-2.64	-1.32	-1.6	0.59	0.54	-0.76	-1.43	-0.56	-1.47	-1.03	-2.64	0.08	0.06	0.15	-0.25	0.01	-0.64	-2.18	
0.46	0.06	0.1	0.08	-0.07	-0.18	0.18	0.25	0.5	0.03	0.55	0.14	0.25	0.21	0.65	0.18	0.63	-0.06	-0.22	0.07	0.38	0.89	1.06	0.67	0.79	0.62	0.18	-0.12	0.19	0.19	-0.22	-0.34	-0.34	-0.07	0.33	0.38	0.46	0.58	0.45	0.28	0.32	0.34	0.43	0.41	0.2	0.43	0.6	-0.06	-2.06	-2.47	-2.4	-1.6	-0.76	0.56	0.08	1.36	-3.06	-3.32	-0.45	-1.51	-3.18	-2.4	-1.47	-1.47	0.45	0.57	-0.76	-1.36	-0.54	-0.69	-1.29	-2.32	0.03	0	0.04	-0.14	0	-0.67	-2.32	
0.24	-0.03	0	0.2	0.06	-0.18	0.15	0.33	0.32	0.07	0.42	-0.14	0.26	-0.15	0.7	-0.1	0.65	-0.1	-0.3	-0.25	0.24	0.39	0.56	0.31	0.45	0.16	-0.03	-0.36	0.08	-0.22	-0.49	-0.51	-0.09	0.3	0.58	0.42	0.57	0.87	0.84	0.52	0.53	0.3	0.67	0.8	0.43	0.51	0.67	-0.69	-2.25	-2.64	-2	-1.69	-0.67	-0.25	-0.03	0.82	-2.94	-3.32	-0.23	-1.32	-2.56	-2.06	-0.92	-1.6	0.58	0.14	-0.45	-1.15	-0.04	-0.22	-0.86	-2.06	0.04	0.01	0.12	0.03	-0.3	-1.56	-2.56	
0.38	0.01	0.11	0.11	0.33	0.5	0.24	0.06	0.12	0.16	0.39	-0.17	0.21	0.01	0.65	0.04	0.7	-0.18	-1.06	-0.09	0.12	0.39	0.71	0.59	0.54	0.77	0.2	0.04	-0.12	0.14	-0.2	-0.04	-0.4	-0.17	0.07	0.26	0.44	0.4	0.29	0.32	0.03	-0.1	0.23	-0.49	-0.25	-0.3	-0.22	-0.14	-1.29	-1.94	-1.79	-1.15	-0.43	0.28	0.01	1.01	-2.84	-3.32	-0.27	-1.25	-2.56	-1.74	-0.71	-1.47	0.42	-0.15	-0.62	-1.32	0.04	-0.3	-0.69	-2.18	0.16	0.07	0.15	-0.06	-0.27	-1.06	-2.12	
0.26	-0.07	-0.12	0.08	-0.01	0.03	0	0.03	0.44	-0.03	0.34	-0.1	0.28	-0.03	0.44	0.26	0.2	0.14	0.01	0.41	0.82	1.02	0.76	0.82	0.77	0.86	0.68	0.26	0.21	0.53	0.21	0.18	-0.2	-0.03	0.45	0.53	0.7	0.63	0.48	0.61	0.51	0.28	0.37	0.23	0.41	0.41	0.42	0.2	-2	-2.32	-2.64	-1.84	-1.06	0.7	-0.43	1.34	-3.32	-3.84	-0.22	-1.15	-2.25	-1.47	-1.09	-0.51	0.58	0.12	-0.27	-1.03	-0.1	-0.36	-1.09	-2	0.11	0.08	0.1	-0.18	-0.1	-0.94	-2.25	
0.01	0.03	-0.01	0.18	0.11	0.34	-0.23	0.48	0.33	-0.09	0.59	-0.06	0.15	0.06	0.61	0.29	0.58	-0.58	-0.74	-0.51	0.19	0.69	0.88	0.44	0.52	0.24	-0.3	-0.18	-0.04	-0.34	-0.67	-0.43	-0.36	-0.01	-0.09	-0.27	-0.47	-0.29	-0.06	0.36	-0.18	-0.4	-0.23	0.86	0.14	-0.18	0.06	0.16	-1.6	-2.12	-2.32	-1.29	-0.36	0.66	-0.15	1.67	-2.56	-2.74	-0.12	-1.56	-2.47	-1.56	-1	-0.81	0.44	0.15	-0.58	-1	0.2	-0.14	-0.74	-1.84	0.33	-0.14	0.07	-0.3	-0.36	-1.32	-1.89	
-0.51	-0.06	-0.86	-0.09	-0.79	0.01	-0.56	-0.01	-0.2	0.14	-0.32	-0.25	0	-0.3	-0.15	-0.1	-0.06	0	-0.89	0.04	0	0.06	0.42	0.57	0.41	0.08	-0.12	-0.04	0.49	-0.45	-0.45	-0.54	-0.23	-0.06	0.08	0.34	0.14	0.14	0	0.03	0.06	-0.2	0.07	0	-0.22	-0.34	-0.07	-0.01	-1.6	-1.32	-1.79	-0.86	-0.4	-0.3	-0.23	1.11	-2.74	-2.94	-0.3	-1.69	-2.12	-1.6	-0.97	-0.84	0.01	0.21	-0.58	-1	-0.56	-0.22	-1.32	-1.74	-0.06	-0.49	-0.42	-0.64	-0.71	-1.94	-2.47	
-0.23	0.18	-0.54	-0.03	-0.62	0.11	-0.23	0.19	-0.06	0.24	-0.14	-0.17	0.07	-0.14	-0.06	0.04	0.12	-0.01	-0.36	0.15	0.28	0.28	0.58	0.37	0.28	0.14	-0.15	-0.1	0.16	-0.38	-0.4	-0.43	-0.49	-0.25	-0.1	-0.1	-0.3	0.04	0.1	0.16	0.28	-0.23	0.03	0.97	-0.2	-0.2	0.21	0.14	-1.22	-1.51	-1.89	-0.74	-0.47	0.53	0.1	0.93	-2.56	-3.06	-0.22	-1.6	-1.69	-1.4	-1.25	-0.67	0.04	0.37	-0.69	-0.84	-0.58	-0.15	-1.09	-1.69	-0.03	-0.2	-0.22	-0.29	-0.36	-1.22	-2.06	
-0.45	-0.23	-0.4	-0.25	-0.94	-0.22	-0.67	-0.25	0.04	0.1	0.23	-0.2	0	-0.32	0.01	0.19	0.16	0.04	-0.56	0.14	0.15	0.57	0.62	0.71	0.67	0.94	0.42	0.42	0.31	0.11	0.11	0.32	-0.23	0.2	0.15	-0.01	-0.07	0	0	0	-0.01	-0.09	0.01	0.91	-0.04	-0.32	-0.15	0.21	-1.64	-1.74	-2.47	-1.6	-0.97	0.24	-0.4	1.14	-3.18	-3.18	-0.47	-1.94	-2.25	-1.84	-1.32	-1.06	0.12	0.07	-0.6	-1.15	-0.64	0.41	-1.22	-1.4	0.19	0.01	-0.12	-0.36	-0.47	-1.74	-2.06	
0.15	0	-0.09	0.16	-0.1	0.18	-0.23	0.2	0.15	-0.14	0.34	0.04	0.23	0.24	0.29	0.31	0.18	0.18	-0.43	0.15	0.58	0.88	0.42	0.7	0.51	0.21	0.04	0.4	0.49	-0.01	0	-0.2	-0.42	-0.2	-0.01	0.18	0.23	0.14	0.19	0.19	0.04	-0.22	0.2	-0.07	-0.1	-0.22	0.1	0	-1.47	-2	-2.06	-1.29	-0.74	-0.01	-0.17	1.28	-1.94	-2.47	0.01	-1.6	-2.4	-1.56	-1	-1.06	0.24	0.23	-0.67	-1.03	0.2	-0.29	-0.64	-1.03	-0.01	-0.23	-0.14	-0.69	-0.45	-1.64	-1.69	
0.23	-0.23	-0.17	-0.14	-0.04	-0.01	0.16	0.03	0.29	-0.09	0.19	-0.17	0.2	-0.04	0.18	-0.06	0.16	0.01	-0.94	-0.23	0.18	0.29	0.51	0.42	0.24	0.19	0.18	0.01	0.04	-0.12	-0.23	-0.42	-0.17	0.04	0.12	-0.07	-0.06	0.04	0.1	-0.01	0.07	-0.42	-0.1	-0.23	-0.17	-0.45	0.03	-0.2	-1.06	-1.56	-1.79	-1.09	-0.49	0.32	-0.23	1.04	-2.56	-3.18	-0.12	-1.51	-2.06	-1.03	-0.94	-0.58	0.08	-0.14	-0.79	-1	0.04	0.3	-0.49	-1.6	0.16	-0.14	0.38	-0.36	-0.3	-1.51	-1.36	
-0.2	-0.38	-0.38	-0.47	-0.27	-0.49	-0.03	0.01	-0.2	-0.14	-0.38	-0.58	-0.07	-0.51	0.15	-0.42	0.37	-0.34	-0.42	-0.06	0.18	0.49	0.41	0.38	0.32	0.3	0.26	-0.06	0.24	-0.06	-0.15	-0.2	-0.43	-0.64	-0.2	0.06	0.19	0	-0.14	0.01	-0.03	-0.29	0.16	-0.06	-0.32	-0.43	-0.06	-0.2	-1.74	-1.74	-1.64	-1	-0.36	-0.45	0	0.67	-2.74	-2.84	-0.22	-1.4	-1.69	-1.29	-0.45	-0.49	0.14	-0.12	-0.62	-0.84	-0.22	-0.27	-0.67	-1.25	0.44	0.11	0.24	-0.23	-0.15	-1.47	-1.84	
-0.17	-0.15	-0.51	-0.23	0	-0.29	-0.25	-0.4	-0.14	0.15	-0.29	-0.14	-0.12	-0.2	-0.06	-0.38	-0.12	-0.04	-0.97	-0.04	0.07	0.32	0.41	0.64	0.43	0.59	0.14	0.19	0.28	0	-0.29	-0.07	0.12	-0.49	-0.49	-0.62	-1	-0.27	-0.07	-0.3	-0.23	-0.07	-0.54	0.3	0.69	0.42	0.56	0.04	-1.64	0	-2.56	-1.32	-0.76	0.75	-0.47	0.91	-3.18	-2.47	-0.49	-1.69	-2.4	-1.74	-1.25	-1.36	0.26	0.28	-0.76	-1.29	-0.45	-0.18	-1.09	-1.94	0.24	-0.01	0.26	-0.42	-0.45	-1.51	-2.56	
0.15	-0.34	0.01	-0.42	0	0.1	0.15	0.08	0.29	-0.03	0.39	0.01	0.12	0.08	0.33	0.03	0.5	-0.18	-1.18	-0.23	-0.03	0.29	0.42	0.28	0.21	0.26	0.07	-0.09	0.01	-0.12	-0.14	-0.15	-0.01	0.24	0.28	-0.14	-0.17	0.04	0.07	0.19	-0.03	-0.43	-0.04	0.46	-0.38	-0.25	-0.23	-0.01	-1.56	-2.25	-2.32	-1.18	-0.42	0.14	-0.34	1.28	-1.69	-3.32	-0.36	-2	-2	-1.56	-1.03	-1.12	0.18	0.1	-0.62	-0.38	-0.07	-0.45	-1	-1.74	0.38	0.18	0.18	-0.54	-0.15	-1.43	-2	
-0.06	-0.69	-0.47	-0.62	-0.14	-0.3	0.11	-0.43	0	-0.38	0.06	-0.64	0.08	-0.47	0.33	-0.64	-0.01	-0.54	-1.09	-0.15	-0.14	-0.22	0.07	0.08	-0.04	0	-0.2	-0.2	-0.1	-0.22	-0.42	-0.54	0.2	-0.04	0.11	-0.42	-0.54	-0.42	0.53	0.62	-0.4	-1.47	-0.42	0	-0.94	0.21	-0.38	-0.32	-1.6	-2.32	-1.29	-1.06	-0.64	0.52	0.37	1.24	-3.06	-3.47	-0.79	-2	-2.56	-2.32	-1.22	-1.64	0.03	-0.42	-1.03	-1.43	-0.38	-0.62	-0.86	-1.94	0.12	-0.03	-0.32	-0.49	-0.4	-2.18	-2.84	
0.12	-0.29	0.01	-0.04	0.24	-0.34	0.07	0.11	0.03	0.07	0.2	-0.27	-0.03	-0.25	0.37	-0.06	0.42	-0.18	-0.71	-0.34	0.18	0.31	0.38	0.06	0.2	0.28	0.1	-0.04	-0.23	-0.2	-0.3	-0.36	0.2	-0.04	0.11	-0.42	-0.54	-0.42	0.53	0.62	-0.4	-1.47	-0.42	0	-0.94	0.21	-0.38	-0.38	-1.18	-1.94	-1.89	-1.18	-0.6	0.12	-0.23	0.77	-2.56	-3.18	-0.23	-1.74	-2.12	-1.74	-0.89	-1.18	0.11	0.19	-0.89	-1.09	0.03	-0.15	-0.69	-1.89	-0.34	-0.38	-0.36	-0.56	-0.32	-1.29	-2	
0	-0.74	-0.04	-0.25	0.24	-0.58	-0.09	-0.2	0.18	-0.15	0.58	-0.43	0.03	-0.4	0.33	-0.09	0.37	-0.14	-1.29	-0.84	-0.29	0.31	0.16	-0.49	-0.32	-0.09	-0.09	-0.18	-0.45	-0.32	-0.34	-0.62	-0.3	-0.14	0.15	0.24	0.33	0.36	0.19	0.33	0.12	-0.03	0.24	-0.49	0.11	-0.03	0.25	-0.29	-1.29	-2.06	-2.4	-1.43	-0.71	0.77	-0.36	1.12	-2.74	-3.18	-0.64	-1.94	-2.64	-1.32	-1.4	-1.56	0.1	0.04	-0.74	-1.6	-0.07	-0.86	-0.92	-2.18	0	-0.03	0.58	-0.32	-0.1	-1.09	-1.84	
0.03	-0.27	-0.12	-0.45	-0.14	-0.45	0.18	-0.34	0.01	-0.12	0.12	-0.2	0.04	-0.29	0.2	-0.15	0.23	-0.17	-0.71	-0.38	0.11	0.87	0.93	0.6	0.38	0.42	0.43	0.46	0.21	0.38	0.11	0.07	-0.04	0.04	0.26	0.31	0.53	0.57	0.51	0.52	0.43	0.12	0.44	0.78	0.34	0.23	0.36	-0.12	-1.6	-1.51	-1.51	-1.09	-0.79	0.14	-0.12	0.77	-2.4	-2.47	-0.58	-1.89	-2.84	-1.56	-0.56	-0.94	0.41	-0.12	-0.64	-0.92	-0.3	-0.38	-0.43	-1.25	0.04	-0.36	-0.14	-0.4	-0.22	-0.71	-2.4	
-0.27	-0.25	-0.71	-0.4	-0.49	-0.4	-0.04	-0.34	-0.25	0.06	-0.36	-0.45	-0.06	-0.4	-0.18	-0.36	-0.1	-0.18	-0.67	-0.12	-0.1	0.3	0.49	0.49	0.56	0.55	0.16	0.34	0.7	0.03	-0.15	0.08	-0.23	-0.01	0.18	0.2	0.56	0.32	0.33	0.64	0.3	-0.03	0.29	0.3	0.12	-0.04	0.59	-0.17	-1.22	-1.6	-1.89	-1.12	-0.51	0.41	-0.36	1.23	-2.94	-2.84	-0.12	-1.06	-2	-1.36	-0.97	-0.69	-0.27	0.07	-0.58	-0.74	-0.56	-0.07	-1.12	-1.84	0.14	-0.07	-0.04	-0.1	-0.3	-0.36	-1.79	
0.23	0	0.01	0.12	-0.09	0.11	0.12	0.18	0.08	-0.14	0.12	-0.25	0.19	-0.15	0.58	-0.17	-0.29	-0.12	-0.67	0.12	0.39	0.15	0.61	0.63	0.5	0.48	0.14	0.08	0.24	0.06	-0.43	-0.07	0.43	0.04	-0.3	-0.76	-0.67	-0.56	0.21	1.66	-0.03	-0.89	-0.23	0.34	-1.4	-0.47	-0.71	-0.09	-1.51	-2.32	-2.12	-1.4	-0.74	0.62	-0.25	1.26	-3.06	-4.06	-0.25	-1.79	-2.94	-1.94	-1.22	-1.06	0.46	0.4	-0.69	-1.29	-0.14	-0.09	-0.3	-1.25	0.3	0.24	0.33	-0.14	-0.22	-1.47	-2	
0.18	0.12	0.06	0.03	0.01	0.19	-0.06	0.31	0.15	-0.18	0.31	-0.2	0.06	0.11	0.48	0.23	0.03	-0.15	-0.43	0.14	0.68	0.91	0.95	0.67	0.65	0.5	0.2	0.28	0.06	0.11	-0.2	-0.14	-0.12	0.07	0.31	0.25	0.25	0.31	0.3	0.38	0.33	-0.09	0.2	1	0.25	0.04	0.23	0.2	-1.32	-2.06	-2.18	-1.51	-0.42	0.55	-0.27	1.18	-2.94	-3.18	0.01	-1.36	-2.18	-1.69	-1.03	-0.76	0.51	-0.07	-0.56	-0.84	0.28	0.03	-0.15	-0.74	0.66	0.32	0.37	0.04	0.11	-1.15	-2.25	
0.65	0.16	0.25	0.16	0.4	0.07	0.45	0.39	0.57	0.52	0.4	0.31	0.45	0.54	0.62	0.43	0.76	0.41	-0.45	0.15	0.55	1.41	1.06	0.95	1.1	1.01	0.73	0.58	0.28	0.48	0.07	0.33	-0.67	-0.47	-0.09	0.07	0.48	0.64	0.52	0.39	0.23	0.21	0.36	0.14	0.12	0.03	-0.04	-0.1	-1.4	-1.89	-2.06	-1.47	-0.62	0.53	-0.47	0.52	-2.18	-3.06	0.3	-1.25	-2.25	-2	-0.86	-0.74	0.58	-0.3	-0.43	-0.97	0.66	0.24	0.26	-1.03	0.11	0.15	0.44	-0.1	-0.23	-1.51	-2.06	
0.43	0.07	0.21	0.04	0.21	-0.03	0.21	0.18	0.41	0.4	0.37	0.15	0.41	0.32	0.48	0.26	0.77	0.31	0.01	0.49	0.36	1.03	1.2	0.79	0.79	0.5	0.5	0.23	0.68	0.25	0.1	0.12	-0.34	-0.17	0.15	0.21	0.45	0.3	0.43	0.29	0.06	0.04	0.23	0.33	0.14	0	0.23	-0.22	-1.64	-1.74	-2.06	-1.43	-0.94	0.01	-0.45	0.58	-2.47	-2.47	-0.1	-1.29	-1.69	-1.36	-0.76	-0.6	0.33	0.25	-0.74	-1.15	0.39	0.06	0.14	-0.74	0.21	0.19	0.06	-0.14	-0.3	-1.51	-2.12	
0.43	0.4	0.08	0.37	0.06	0.29	-0.09	0.45	0.44	-0.12	0.53	0.15	0.43	0.36	0.58	0.38	0.3	0.15	-0.27	0.04	0.82	0.99	0.83	0.93	0.83	0.63	0.19	0.54	0.4	0.07	-0.15	0.04	-0.34	-0.27	-0.1	0.06	-0.25	0.2	0.19	0.07	-0.06	-0.4	-0.27	0.31	-0.54	-0.3	-0.58	-0.03	-1.6	-1.94	-2	-1.36	-0.36	0.14	-0.14	1.66	-3.06	-3.32	0.25	-0.97	-2.47	-1.4	-0.76	-0.51	0.83	-0.76	-0.34	-0.84	0.37	0.11	-0.3	-0.81	0.21	0.4	0.71	0.1	-0.17	-1.29	-2	
0.4	0.14	0.42	0.15	0.34	0.01	0.31	0.11	0.3	0.26	0.18	-0.06	0.38	0.01	0.38	-0.1	0.55	0.12	-0.56	-0.34	0.11	0.72	0.77	0.91	0.14	0.45	0.21	0.39	0.37	0.12	-0.38	-0.23	-0.58	-0.43	-0.14	0.12	0.46	0.49	0.42	0.31	-0.03	-0.01	0.2	-0.71	-0.4	-0.43	-0.38	-0.22	-1.79	-1.79	-1.84	-1.4	-0.47	-0.2	-0.1	1.03	-2.64	-2.84	0.06	-0.97	-2.84	-2	-1	-0.92	0.8	-0.69	-0.58	-1.03	-0.06	0.18	-0.64	-1.12	0.04	-0.01	0.39	-0.36	-0.04	-1.6	-2.74	
-0.12	0.06	-0.2	0.2	-0.47	0.32	-0.27	0.26	0.29	0.51	0.38	0.08	0.28	0.16	0.45	0.42	0.33	0.3	-0.69	0.54	-0.04	0.58	0.86	1.06	0.94	0.91	0.52	0.61	0.58	0.21	0.23	0.24	-0.49	-0.06	-0.25	-0.36	-0.49	-0.27	-0.47	0.53	0.04	-0.36	0.07	0.24	-1.79	-0.49	-1.03	0.3	-1.84	-2	-2.56	-1.6	-0.84	0.01	-0.36	1.29	-3.47	-3.84	-0.01	-1.36	-2.4	-1.69	-0.94	-1.29	0.48	-0.17	-0.49	-1.12	-0.01	0.53	-1.22	-1.36	0.2	0.1	0.33	-0.32	-0.47	-1.64	-2.47	
0.36	0.07	0.01	-0.03	-0.17	0.04	0.07	0.21	0.19	0.08	0.07	-0.14	0.28	-0.17	0.21	-0.07	0.2	0.18	0.14	0.21	0.56	0.86	0.57	0.7	0.82	0.23	-0.14	0.1	0.25	-0.09	-0.45	-0.49	-0.62	0.11	0.24	0.39	0.33	0.39	0.2	0.4	0.41	-0.03	0.14	0.07	0.31	0	0.33	-0.01	-1.15	-1.74	-2.18	-1.56	-0.62	0.2	-0.6	0	-2.47	-3.18	0	-0.29	-2.25	-1.79	-1.32	-0.36	0.1	0.48	-0.76	-0.97	0.1	0.11	-0.18	-1.22	0.19	-0.23	0.14	-0.2	-0.12	-1.47	-2	
0.39	0.01	0.08	-0.1	-0.06	-0.18	0.21	0.14	0.39	0.16	0.23	0.15	0.29	0.21	0.43	0.2	0.46	0.15	-0.2	0.26	0.31	0.89	0.81	0.62	0.52	0.48	0.26	0.16	0.37	0.2	-0.1	-0.12	-0.38	0.04	0.32	0.21	0.54	0.62	0.66	0.49	0.42	0.21	0.57	0.55	0.5	0.42	0.53	-0.04	-1.12	-1.51	-1.6	-0.45	-0.67	0.4	0.07	0.82	-2.47	-3.06	-0.22	-1.74	-2.84	-1.69	-1.06	-0.81	0.4	0.21	-0.94	-1.47	0.19	0.01	-0.04	-1.18	0.41	0.46	0.62	0.08	-0.04	-1.09	-1.94	
0.06	-0.23	-0.38	-0.3	-0.12	-0.4	0.06	-0.27	0.01	0.03	-0.09	-0.22	0.29	-0.14	0.2	-0.01	0.15	-0.12	-1.22	-0.3	-0.14	0.37	0.34	0.31	-0.01	0.32	0.19	0.37	-0.07	-0.1	0.06	-0.03	-0.4	-0.3	-0.12	0.39	0.26	0.01	0.24	0.07	0.28	-0.23	0.11	-0.84	-0.49	0.14	-0.6	-0.01	-1.6	-1.69	-1.12	-0.56	-0.12	0.01	0.21	0.92	-3.18	-3.06	-0.18	-0.97	-2	-1.56	-0.71	-1.22	-0.01	-0.38	-0.69	-1.56	-0.36	-0.15	-1.12	-1.22	-0.06	-0.12	-0.06	-0.56	-0.56	-2.12	-2.4	
0.16	-0.09	-0.09	0.04	-0.14	0.07	-0.1	0.31	0.43	0.18	0.42	0.18	0.21	0.23	0.24	0.3	0.32	0.28	-0.43	0.3	0.81	1.24	0.83	0.96	0.8	0.71	0.29	0.25	0.55	-0.32	0.04	0.1	-0.29	-1.25	-0.22	0.34	-0.74	0.21	-0.2	0.73	1.05	-0.86	-0.38	0.81	-0.97	0.43	-1.09	0.01	-1.64	-2.12	-2.4	-1.22	-0.3	0.16	-0.27	1.92	-2.74	-3.84	-0.23	-2.12	-2.47	-1.6	-1.15	-0.71	0.24	0.42	-1.12	-0.86	0.01	-0.32	-0.45	-1.06	0.55	0.4	0.61	0.01	0.01	-1.09	-1.94	
-0.18	0.1	-0.2	0.06	-0.36	0.18	-0.3	0.25	0.19	0.39	0.23	-0.04	0.16	0.07	0.2	0.23	0.2	0.23	-0.71	0.33	0.3	0.57	0.9	0.79	0.72	0.7	0.39	0.38	0.71	0.08	-0.04	0.4	-0.3	0.11	0.21	0.21	-0.1	0.26	-0.1	0.25	0.75	-0.23	0.19	0.81	-0.42	-0.23	-0.12	0.24	-1.4	-1.94	-2.12	-1.29	-0.54	0.44	-0.15	1.22	-2.4	-3.18	0.08	-1.36	-1.84	-1.15	-0.89	-0.4	-0.09	-0.07	-1.94	-1.18	0.12	-0.07	-0.6	-0.97	0.16	0.16	0.21	0.11	-0.14	-1.22	-2.18	
0.29	-0.3	-0.01	-0.14	0.16	0.29	0.29	0.01	0.07	-0.04	0.12	-0.1	0.18	-0.07	0.54	0.11	0.16	-0.06	0.15	-0.14	0.19	0.44	0.81	0.64	0.64	0.86	0.76	0.52	-0.01	0.43	-0.03	0.21	-0.49	-0.36	0.03	0.23	0.42	0.37	0.32	0.4	0.01	0.06	0.25	0.21	0.04	-0.14	-0.12	-0.06	-2.06	-1.79	-2.18	-1.18	-0.74	-0.56	-0.81	0.65	-3.64	-4.32	-0.17	-0.84	-2.06	-1.56	-0.74	-0.86	0.54	-0.81	-0.54	-0.94	0.26	-0.22	-0.58	-0.76	0.14	0.07	0.28	-0.25	-0.29	-1.69	-2.25	
0.01	-0.15	-0.06	0.11	-0.29	0	-0.34	0.08	0.58	0	0.55	0.01	0.16	0.03	0.31	0.58	0.18	0.26	-0.43	0.26	0.69	0.71	0.36	0.82	0.74	0.58	0.2	0.43	0.45	0.12	-0.01	0.04	-1.09	0	0.04	-0.76	-0.89	0.72	-0.09	0.15	-1.15	-0.79	-0.22	0.1	-0.74	-0.69	-0.47	0.21	-1.09	-1.43	-1.43	-1.09	-0.3	0.44	-0.14	1.14	-2.06	-2.32	-0.36	-1.64	-2.47	-1.69	-1.32	-1.47	0.29	0.74	-0.42	-1.03	-0.2	-0.2	-0.45	-1.74	0.28	0.11	0.29	-0.09	-0.38	-1.06	-2.06	
0.01	0.03	-0.36	0.04	-0.07	0.03	0.1	-0.36	0	0.18	0	-0.03	0.03	0.11	0.19	-0.04	0.25	0	-0.4	0.18	-0.27	0.61	0.75	0.74	0.64	0.96	0.58	0.59	0.31	0.31	0.23	0.37	-0.38	-0.18	-0.1	0.29	0.57	0.42	0.21	0.39	0.37	0.15	0.01	0.07	-0.36	-0.3	-0.3	0.19	-1.84	-2	-2.25	-0.84	-0.58	0.32	-0.12	1.24	0	-2.64	-0.03	-1.09	-2.4	-1.22	-0.76	0.44	0.58	-0.74	-0.51	-1.12	0.45	-0.07	-1.09	-1.32	0.26	-0.09	0.4	-0.17	-0.6	-1.79	-2.4	
0.03	-0.07	-0.4	-0.09	-0.14	-0.17	0.15	0.12	-0.1	-0.25	-0.2	-0.2	0.18	-0.18	0.11	-0.27	0.24	-0.17	-0.42	0.03	0.38	0.29	0.67	0.66	0.59	0.32	0.21	0.36	0.25	-0.18	-0.04	-0.09	-0.62	-0.56	-0.34	-0.25	0.12	0.26	0.11	-0.06	-0.27	-0.43	0.11	-0.62	-0.6	-0.56	-0.36	-0.27	-1.12	-1.74	-1.84	-1.15	-0.71	0.19	-1.36	0.51	-2.47	-2.47	0.1	-0.62	-1.22	-1	-0.42	-0.27	0.06	-0.45	-0.58	-1.15	0.24	0.14	-0.86	-0.86	0.2	0.15	0.19	-0.23	-0.03	-0.89	-1.79	
-0.04	-0.2	-0.27	-0.06	-0.14	-0.27	0.11	-0.09	-0.14	-0.07	-0.25	-0.43	-0.06	-0.49	0.11	-0.34	0.16	-0.1	-0.4	-0.32	0.52	0.48	0.75	0.72	0.93	0.99	0.77	0.61	0.43	0.39	0.23	0.42	-0.49	-0.38	-0.14	0.18	0.49	0.31	0.29	0.26	-0.2	-0.14	0.21	-0.97	-0.29	-0.38	-0.36	-0.25	-2.32	-2.32	-2.25	-1.69	-0.97	0.15	-0.27	1.1	-3.18	-2.94	0.21	-0.49	-1.84	-1.79	-0.36	-0.58	-0.06	-0.84	-0.86	-1.69	-0.76	-0.51	-1.36	-1.89	0.08	-0.03	0.1	0	0	-0.17	-2.32	
0.34	-0.03	-0.09	-0.1	0.3	-0.1	0.38	-0.2	0.26	0.33	0.06	0.26	0.26	0.04	0.2	0.24	0.14	0.14	0.33	-0.18	0.39	0.33	1	0.91	0.67	1.01	0.8	0.93	0.54	0.53	0.42	0.45	-0.81	-0.54	-0.09	0.3	0.58	0.42	0.26	0.16	-0.01	-0.25	0.23	-1.47	-0.15	-0.27	-0.4	-0.01	-1.74	-1.69	-2.32	-2.18	-1.47	0.24	-0.6	0.06	-2.74	-2.94	0.46	-0.38	-1.6	-0.86	-0.14	-0.12	0.34	-1.36	-0.25	-0.84	0.06	-0.22	-0.47	-1.32	0.11	0.14	0.28	0.12	0.01	-1.09	-2.18	
0.03	-0.49	-0.09	-0.3	0.39	-0.25	0.25	0.4	0.16	0.29	0	0.01	0.23	0.26	0.49	0.3	0.1	0.24	-0.43	-0.58	-0.32	-0.03	0.24	0.56	0.33	0.65	0.75	0.81	-0.06	0.58	0.06	0.06	-0.49	-0.54	-0.18	0.14	0.41	0.5	0.24	0.23	-0.23	0	0.29	0.15	-0.12	-0.25	-0.42	0	-1.64	-1.64	-2.32	-1.89	-1.36	-0.15	-0.47	-0.15	-2.64	-2.94	0.48	-0.4	-2.25	-0.69	-0.22	0.07	0.08	-1.36	-0.34	-0.94	0.39	-0.64	-1	-1.69	0.19	0.23	0.72	0.3	0.1	-0.81	-1.64	
0.18	-0.27	-0.29	-0.12	-0.07	-0.3	0.04	-0.22	0.01	-0.18	0.1	-0.17	0.15	-0.23	0.31	0.2	-0.14	-0.01	-0.2	0.04	-0.1	0.58	0.48	0.52	0.43	0.42	0.55	0.69	0.12	0.44	0.07	0.19	-0.76	-0.64	-0.32	0.08	0.42	0.23	-0.01	0.04	-0.22	-0.27	-0.03	-0.84	-0.51	-0.76	-0.84	0.01	-2.25	-2.06	-1.94	-1.22	-0.51	-0.18	-0.01	1.4	-3.47	-4.06	0.3	-0.04	-1.84	-1.43	-0.54	-1	0.73	-2.32	-0.06	-0.97	-0.12	0.29	-1.43	-2	0.21	0.32	0.48	-0.09	-0.43	-1.79	-2.74	
0.14	0.03	-0.06	0.33	-0.01	0.25	-0.23	0.5	0.57	-0.12	0.61	0.06	0.33	0.18	0.39	0.69	0.11	0.25	0.19	0.06	0.7	0.58	0.46	0.77	0.99	0.84	0.5	0.67	0.63	0.24	0.01	0.18	-0.45	-0.4	-0.06	0.19	0.33	0.37	0.32	0.7	-0.03	0.19	0.41	0.32	-0.09	-0.43	-0.07	-0.01	-1.03	-1.18	-1.22	-1.15	-0.76	0.25	-0.43	0.7	-2	-2.32	0.4	-0.43	-1.69	-1.36	-0.67	-0.84	0.68	-1.06	-0.09	-0.71	0.44	0.01	-1.09	-1.09	0.07	0.07	0.38	0.11	0.12	-0.32	-1.69	
0.03	0.3	-0.06	0.33	-0.18	0.24	-0.14	0.16	0.25	0.43	0.23	-0.12	0.15	0.1	0.46	0.39	0.38	0.26	0.16	0.57	0.24	0.75	0.97	1.49	1.62	1.23	0.82	0.93	1.02	0.5	0.48	0.58	-0.56	-0.25	-0.14	0.25	0.33	0.31	0.29	0.33	0.01	-0.04	0.16	0.39	-0.29	-0.36	-0.29	0.45	-2.12	-1.94	-2.4	-1.43	-0.74	0.14	-0.15	1.58	-2.94	-3.06	0.63	-0.32	-1.51	-1.25	-0.23	-0.06	0.3	-0.6	-0.4	-1.03	0.38	0.29	-0.74	-0.49	0.1	0.15	0.1	0.06	0.04	-0.6	-2.4	
-0.17	-0.56	-0.34	-0.51	-0.29	-0.47	-0.1	-0.23	-0.04	-0.45	-0.32	-0.54	0.2	-0.36	0.03	-0.29	0.2	-0.3	-1.51	-0.81	-0.4	0.15	0.03	-0.1	-0.43	-0.12	0.03	-0.15	-0.49	-0.32	-0.51	-0.64	-0.17	0.01	0.21	0.24	0.37	0.28	0.16	0.03	-0.06	-0.07	0.29	-0.84	-0.06	-0.15	0.04	-0.32	-1.56	-1.94	-1.79	-1.47	-0.81	0.33	-0.12	1.31	-2.12	-2.47	-0.2	-1.32	-1.25	-0.76	-0.74	-1.64	-0.14	-0.29	-0.76	-1.09	-0.14	0.3	-1.12	-0.67	-0.09	-0.17	-0.36	-0.71	-0.51	-1.56	-2.4	
0.06	-0.51	-0.1	-0.3	0.12	-0.51	-0.04	0.11	0.3	-0.12	0.45	0.16	0.07	0	0.39	0.66	-0.22	0.11	-0.97	-0.4	-0.14	0.08	0.29	-0.15	-0.03	0.16	0.01	-0.03	-0.38	-0.07	-0.18	-0.49	0	0.48	-0.09	0.15	0.1	0.11	0.23	0.14	0.07	0	0.19	0.7	0.12	-0.2	-1	0.21	-0.76	-1.06	-1.12	-0.84	-0.4	0.32	-0.09	0.93	-1	-1.43	0.01	-1.06	-1.43	-1.32	-1.03	-1	-0.04	0.3	-0.47	-0.89	-0.01	-0.14	-0.74	-1.09	0.54	-0.07	-0.1	-0.32	-0.32	-0.94	-0.86	
-0.38	-0.42	-0.81	-0.38	-0.89	-0.06	-0.42	-0.09	-0.23	0.16	-0.47	-0.43	-0.15	-0.45	-0.29	-0.45	-0.03	-0.2	-0.34	0.07	-0.27	-0.14	0.46	0.37	0.19	-0.04	-0.23	-0.14	0.26	-0.42	-0.62	-0.34	0.12	0.06	0.11	0.37	0.42	0.41	0.2	0.29	0.16	0.14	0.44	0.23	0.24	-0.15	0.38	-0.22	-0.86	-1.15	-1.56	-0.67	-0.17	-0.04	-0.36	0.5	-2.32	-2.32	-0.23	-2.18	-1.4	-1.18	-1.25	0.61	0.04	0.23	-0.76	-1.18	-0.71	-0.38	-0.71	-1.15	0.01	-0.06	-0.18	-0.29	-0.38	-1.12	-1.47	
0.01	-0.2	-0.32	-0.42	-0.32	-0.45	0.04	-0.38	-0.01	-0.29	-0.1	-0.38	0.06	-0.47	-0.03	-0.34	-0.22	-0.42	-0.94	-0.56	0.07	0.43	0.16	0.15	0.31	0.31	0.53	0.54	0.36	0.28	0.11	-0.14	-0.51	-0.67	-0.71	-0.51	-0.56	-0.6	-0.06	-0.04	-0.15	0.01	-0.17	0.18	0.4	0.24	0.23	0.14	-1.43	-1.22	-1.56	-1	-0.51	-0.03	-0.14	1.58	-2.74	-2.74	-0.17	-0.36	-1.22	-0.76	-0.2	-1.47	-0.03	-0.58	-0.92	-1.4	0.59	0.18	-0.06	-0.64	0.15	-0.09	0.24	0.07	0.04	-0.62	-2.25	
-0.14	-0.64	-0.3	-0.45	-0.15	-0.54	0.23	-0.6	-0.27	0.12	-0.34	-0.3	-0.1	-0.22	0.14	-0.23	0.01	-0.23	-1.32	-0.47	-0.32	-0.27	0.3	0	-0.09	0.16	-0.06	-0.04	-0.32	-0.42	-0.4	-0.25	-0.04	-0.15	-0.23	-0.07	0.1	-0.04	-0.04	-0.07	-0.2	-0.34	0.01	-0.49	-0.23	-0.3	-0.25	-0.94	-1.25	-1.6	-1.79	-1.06	-0.76	-0.47	-0.71	0.41	-1.29	-1.51	-1.36	-1	-1.36	-1.29	-0.51	-1.12	-0.22	-0.38	-0.81	-1.25	-0.43	-0.07	-1	-1.22	-0.34	-0.18	0.48	0.03	-0.15	-0.51	-1.32	
0.01	-0.1	-0.09	-0.17	0.07	0.08	0.08	0.18	-0.04	-0.01	0.19	-0.32	-0.07	-0.15	0.11	-0.01	0.39	-0.12	-0.36	0.01	0.12	0.26	0.6	0.14	0.26	0.19	0.01	-0.2	0.15	-0.23	-0.43	-0.49	-0.18	0.24	-0.09	-0.79	-0.84	-0.25	0.08	0.96	-0.81	-1.43	-0.47	0.9	-1	0.28	-2.84	0.01	-1.15	-1.47	-1.69	-1.15	-0.67	0.03	-0.23	0.77	-1.64	-1.29	-0.49	-1.36	-1.51	-1.43	-1.12	-0.43	0.19	0.49	-0.58	-0.86	-0.49	-0.74	-1.51	-2.25	0.14	-0.15	0.15	-0.23	-0.15	-1.47	-1.94	
-0.22	-0.84	-0.43	-0.51	-0.51	-0.51	-0.43	-0.36	-0.29	-0.43	-0.45	-0.51	-0.07	-0.4	-0.12	-0.4	-0.03	-0.2	-1.22	-0.56	-0.2	-0.51	0.18	-0.03	-0.45	-0.1	-0.07	-0.12	-0.42	-0.27	-0.32	-0.58	-0.38	0.32	0	0.12	-0.92	-0.14	-0.38	0.37	2.75	-1.09	-0.43	0.29	-0.97	0	-0.47	0.04	-1.12	-1.64	-1.64	-1.22	-0.51	0.01	-0.43	0.76	-1.56	-1.47	-0.03	-1.32	-1.18	-1.32	-1.15	-1.29	-0.25	0.53	-0.64	-1.25	-0.36	-0.22	0.26	-1.89	-0.07	-0.01	-0.04	-0.38	-0.22	-1.56	-2.56	
-0.04	-0.58	-0.2	-0.71	-0.06	-0.74	0	-0.38	0.28	-0.12	0.58	-0.42	-0.04	-0.62	0.64	-0.14	-0.06	-0.29	-0.74	-0.27	-0.3	0.55	0.07	-0.1	0.2	-0.17	-0.12	-0.1	-0.47	-0.3	-0.45	-0.47	-0.14	0.11	-0.06	-0.07	-0.74	-0.09	-0.06	0.15	-0.4	-0.81	-0.71	0.69	-0.64	-0.36	-0.43	-0.49	-0.69	-0.38	-0.45	0.01	-0.03	-0.43	0.28	-0.36	-0.81	-0.25	-0.43	-0.94	-1.29	-0.32	-0.94	0.11	-0.54	-0.01	-0.62	-0.89	0.07	-0.04	0.04	-0.62	0.11	-0.09	0.06	-0.14	-0.36	-0.86	-1.2	
